Selected Data: Najwyzszy
t	Yt	Ft	St	Yt*	|Yt-Yt*|	Yt-Yt*	(Yt-Yt*)^2
---------------------------------------------------------------
1 	4.24 	4.24 	-0.00 	 	  	  	  	 
2 	4.23 	4.23 	-0.00 	4.23 	0.00 	0.00 	0.00 	
3 	4.24 	4.24 	-0.00 	4.23 	0.02 	0.02 	0.00 	
4 	4.25 	4.24 	0.00 	4.24 	0.02 	0.02 	0.00 	
5 	4.25 	4.25 	0.00 	4.25 	0.00 	0.00 	0.00 	
6 	4.26 	4.25 	0.00 	4.25 	0.01 	0.01 	0.00 	
7 	4.26 	4.26 	0.00 	4.26 	0.00 	-0.00 	0.00 	
8 	4.25 	4.26 	0.00 	4.26 	0.01 	-0.01 	0.00 	
9 	4.25 	4.26 	0.00 	4.26 	0.01 	-0.01 	0.00 	
10 	4.24 	4.25 	-0.00 	4.26 	0.02 	-0.02 	0.00 	
11 	4.24 	4.25 	-0.00 	4.25 	0.00 	-0.00 	0.00 	
12 	4.23 	4.23 	-0.01 	4.24 	0.02 	-0.02 	0.00 	
13 	4.23 	4.23 	-0.01 	4.23 	0.00 	-0.00 	0.00 	
14 	4.24 	4.23 	-0.00 	4.22 	0.02 	0.02 	0.00 	
15 	4.24 	4.23 	-0.00 	4.23 	0.01 	0.01 	0.00 	
16 	4.24 	4.23 	0.00 	4.23 	0.00 	0.00 	0.00 	
17 	4.24 	4.24 	0.00 	4.24 	0.01 	0.01 	0.00 	
18 	4.25 	4.24 	0.00 	4.24 	0.01 	0.01 	0.00 	
19 	4.26 	4.25 	0.01 	4.25 	0.01 	0.01 	0.00 	
20 	4.29 	4.28 	0.01 	4.26 	0.03 	0.03 	0.00 	
21 	4.30 	4.29 	0.01 	4.29 	0.01 	0.01 	0.00 	
22 	4.27 	4.29 	0.01 	4.31 	0.04 	-0.04 	0.00 	
23 	4.28 	4.29 	0.00 	4.29 	0.01 	-0.01 	0.00 	
24 	4.29 	4.29 	0.00 	4.29 	0.00 	0.00 	0.00 	
25 	4.30 	4.30 	0.00 	4.29 	0.00 	0.00 	0.00 	
26 	4.29 	4.29 	0.00 	4.30 	0.01 	-0.01 	0.00 	
27 	4.28 	4.29 	-0.00 	4.29 	0.01 	-0.01 	0.00 	
28 	4.26 	4.27 	-0.01 	4.29 	0.02 	-0.02 	0.00 	
29 	4.26 	4.27 	-0.01 	4.27 	0.01 	-0.01 	0.00 	
30 	4.26 	4.26 	-0.01 	4.26 	0.00 	-0.00 	0.00 	
31 	4.25 	4.25 	-0.01 	4.25 	0.00 	0.00 	0.00 	
32 	4.28 	4.26 	0.00 	4.25 	0.03 	0.03 	0.00 	
33 	4.28 	4.27 	0.00 	4.26 	0.01 	0.01 	0.00 	
34 	4.26 	4.27 	-0.00 	4.27 	0.01 	-0.01 	0.00 	
35 	4.24 	4.25 	-0.00 	4.27 	0.02 	-0.02 	0.00 	
36 	4.24 	4.24 	-0.01 	4.25 	0.01 	-0.01 	0.00 	
37 	4.25 	4.24 	-0.00 	4.24 	0.01 	0.01 	0.00 	
38 	4.25 	4.25 	-0.00 	4.24 	0.01 	0.01 	0.00 	
39 	4.25 	4.25 	0.00 	4.24 	0.01 	0.01 	0.00 	
40 	4.26 	4.26 	0.00 	4.25 	0.01 	0.01 	0.00 	
41 	4.26 	4.26 	0.00 	4.26 	0.00 	-0.00 	0.00 	
42 	4.26 	4.26 	0.00 	4.26 	0.00 	-0.00 	0.00 	
43 	4.26 	4.26 	0.00 	4.26 	0.00 	0.00 	0.00 	
44 	4.26 	4.26 	0.00 	4.26 	0.00 	0.00 	0.00 	
45 	4.27 	4.27 	0.00 	4.27 	0.01 	0.01 	0.00 	
46 	4.28 	4.28 	0.00 	4.27 	0.01 	0.01 	0.00 	
47 	4.28 	4.28 	0.00 	4.28 	0.00 	-0.00 	0.00 	
48 	4.28 	4.28 	0.00 	4.28 	0.00 	-0.00 	0.00 	
49 	4.29 	4.29 	0.00 	4.29 	0.00 	0.00 	0.00 	
50 	4.28 	4.29 	0.00 	4.29 	0.01 	-0.01 	0.00 	
51 	4.34 	4.31 	0.01 	4.29 	0.05 	0.05 	0.00 	
52 	4.34 	4.33 	0.01 	4.33 	0.01 	0.01 	0.00 	
53 	4.32 	4.34 	0.01 	4.35 	0.02 	-0.02 	0.00 	
54 	4.35 	4.35 	0.01 	4.35 	0.00 	-0.00 	0.00 	
55 	4.35 	4.35 	0.01 	4.36 	0.01 	-0.01 	0.00 	
56 	4.35 	4.36 	0.01 	4.36 	0.01 	-0.01 	0.00 	
57 	4.37 	4.36 	0.01 	4.36 	0.00 	0.00 	0.00 	
58 	4.37 	4.37 	0.01 	4.37 	0.00 	-0.00 	0.00 	
59 	4.37 	4.37 	0.01 	4.38 	0.01 	-0.01 	0.00 	
60 	4.34 	4.36 	-0.00 	4.38 	0.04 	-0.04 	0.00 	
61 	4.31 	4.33 	-0.01 	4.35 	0.05 	-0.05 	0.00 	
62 	4.30 	4.31 	-0.02 	4.32 	0.01 	-0.01 	0.00 	
63 	4.28 	4.29 	-0.02 	4.30 	0.02 	-0.02 	0.00 	
64 	4.26 	4.26 	-0.02 	4.27 	0.01 	-0.01 	0.00 	
65 	4.25 	4.25 	-0.02 	4.24 	0.01 	0.01 	0.00 	
66 	4.25 	4.24 	-0.01 	4.23 	0.03 	0.03 	0.00 	
67 	4.25 	4.24 	-0.01 	4.23 	0.03 	0.03 	0.00 	
68 	4.25 	4.24 	-0.00 	4.23 	0.02 	0.02 	0.00 	
69 	4.26 	4.25 	-0.00 	4.24 	0.02 	0.02 	0.00 	
70 	4.29 	4.27 	0.01 	4.25 	0.05 	0.05 	0.00 	
71 	4.30 	4.29 	0.01 	4.28 	0.02 	0.02 	0.00 	
72 	4.32 	4.31 	0.02 	4.31 	0.01 	0.01 	0.00 	
73 	4.36 	4.34 	0.02 	4.33 	0.03 	0.03 	0.00 	
74 	4.36 	4.36 	0.02 	4.36 	0.01 	-0.01 	0.00 	
75 	4.37 	4.37 	0.02 	4.38 	0.02 	-0.02 	0.00 	
76 	4.37 	4.38 	0.01 	4.39 	0.02 	-0.02 	0.00 	
77 	4.38 	4.38 	0.01 	4.39 	0.02 	-0.02 	0.00 	
78 	4.36 	4.38 	0.00 	4.39 	0.03 	-0.03 	0.00 	
79 	4.40 	4.39 	0.01 	4.38 	0.01 	0.01 	0.00 	
80 	4.49 	4.44 	0.03 	4.39 	0.10 	0.10 	0.01 	
81 	4.49 	4.48 	0.03 	4.47 	0.02 	0.02 	0.00 	
82 	4.46 	4.49 	0.02 	4.51 	0.05 	-0.05 	0.00 	
83 	4.50 	4.51 	0.02 	4.51 	0.00 	-0.00 	0.00 	
84 	4.51 	4.52 	0.02 	4.53 	0.01 	-0.01 	0.00 	
85 	4.49 	4.51 	0.01 	4.54 	0.04 	-0.04 	0.00 	
86 	4.48 	4.50 	0.00 	4.52 	0.04 	-0.04 	0.00 	
87 	4.50 	4.50 	-0.00 	4.50 	0.00 	-0.00 	0.00 	
88 	4.48 	4.49 	-0.00 	4.50 	0.02 	-0.02 	0.00 	
89 	4.48 	4.49 	-0.00 	4.49 	0.01 	-0.01 	0.00 	
90 	4.46 	4.47 	-0.01 	4.48 	0.02 	-0.02 	0.00 	
91 	4.43 	4.45 	-0.01 	4.46 	0.03 	-0.03 	0.00 	
92 	4.42 	4.43 	-0.02 	4.43 	0.01 	-0.01 	0.00 	
93 	4.43 	4.42 	-0.01 	4.41 	0.02 	0.02 	0.00 	
94 	4.43 	4.42 	-0.01 	4.41 	0.02 	0.02 	0.00 	
95 	4.43 	4.42 	-0.01 	4.41 	0.02 	0.02 	0.00 	
96 	4.46 	4.43 	0.00 	4.41 	0.04 	0.04 	0.00 	
97 	4.47 	4.46 	0.01 	4.44 	0.04 	0.04 	0.00 	
98 	4.45 	4.46 	0.01 	4.47 	0.02 	-0.02 	0.00 	
99 	4.47 	4.47 	0.01 	4.46 	0.00 	0.00 	0.00 	
100 	4.43 	4.45 	-0.00 	4.47 	0.05 	-0.05 	0.00 	
101 	4.41 	4.43 	-0.01 	4.45 	0.04 	-0.04 	0.00 	
102 	4.42 	4.42 	-0.01 	4.42 	0.00 	0.00 	0.00 	
103 	4.42 	4.41 	-0.01 	4.41 	0.01 	0.01 	0.00 	
104 	4.40 	4.40 	-0.01 	4.40 	0.00 	-0.00 	0.00 	
105 	4.40 	4.40 	-0.01 	4.39 	0.00 	0.00 	0.00 	
106 	4.39 	4.39 	-0.01 	4.39 	0.00 	0.00 	0.00 	
107 	4.38 	4.38 	-0.01 	4.38 	0.00 	0.00 	0.00 	
108 	4.39 	4.38 	-0.00 	4.37 	0.01 	0.01 	0.00 	
109 	4.38 	4.38 	-0.00 	4.38 	0.00 	0.00 	0.00 	
110 	4.37 	4.37 	-0.00 	4.37 	0.00 	-0.00 	0.00 	
111 	4.38 	4.37 	-0.00 	4.37 	0.01 	0.01 	0.00 	
112 	4.35 	4.36 	-0.01 	4.37 	0.02 	-0.02 	0.00 	
113 	4.34 	4.35 	-0.01 	4.35 	0.02 	-0.02 	0.00 	
114 	4.35 	4.34 	-0.01 	4.34 	0.02 	0.02 	0.00 	
115 	4.35 	4.34 	-0.00 	4.34 	0.01 	0.01 	0.00 	
116 	4.34 	4.34 	-0.00 	4.34 	0.00 	-0.00 	0.00 	
117 	4.34 	4.34 	-0.00 	4.33 	0.01 	0.01 	0.00 	
118 	4.33 	4.33 	-0.00 	4.33 	0.01 	-0.01 	0.00 	
119 	4.35 	4.34 	-0.00 	4.33 	0.02 	0.02 	0.00 	
120 	4.34 	4.34 	0.00 	4.34 	0.00 	0.00 	0.00 	
121 	4.31 	4.32 	-0.01 	4.34 	0.03 	-0.03 	0.00 	
122 	4.30 	4.31 	-0.01 	4.32 	0.01 	-0.01 	0.00 	
123 	4.31 	4.31 	-0.01 	4.30 	0.01 	0.01 	0.00 	
124 	4.31 	4.30 	-0.01 	4.30 	0.01 	0.01 	0.00 	
125 	4.28 	4.29 	-0.01 	4.30 	0.02 	-0.02 	0.00 	
126 	4.27 	4.27 	-0.01 	4.28 	0.01 	-0.01 	0.00 	
127 	4.27 	4.27 	-0.01 	4.26 	0.01 	0.01 	0.00 	
128 	4.26 	4.26 	-0.01 	4.26 	0.01 	0.01 	0.00 	
129 	4.29 	4.27 	-0.00 	4.25 	0.03 	0.03 	0.00 	
130 	4.26 	4.27 	-0.00 	4.27 	0.00 	-0.00 	0.00 	
131 	4.26 	4.26 	-0.00 	4.26 	0.01 	-0.01 	0.00 	
132 	4.28 	4.27 	0.00 	4.26 	0.03 	0.03 	0.00 	
133 	4.28 	4.28 	0.00 	4.27 	0.01 	0.01 	0.00 	
134 	4.26 	4.27 	-0.00 	4.28 	0.02 	-0.02 	0.00 	
135 	4.26 	4.26 	-0.00 	4.27 	0.01 	-0.01 	0.00 	
136 	4.27 	4.26 	-0.00 	4.26 	0.01 	0.01 	0.00 	
137 	4.28 	4.27 	0.00 	4.26 	0.02 	0.02 	0.00 	
138 	4.30 	4.29 	0.01 	4.27 	0.03 	0.03 	0.00 	
139 	4.30 	4.30 	0.01 	4.30 	0.00 	0.00 	0.00 	
140 	4.30 	4.30 	0.01 	4.31 	0.01 	-0.01 	0.00 	
141 	4.30 	4.30 	0.00 	4.31 	0.01 	-0.01 	0.00 	
142 	4.30 	4.30 	0.00 	4.31 	0.01 	-0.01 	0.00 	
143 	4.31 	4.31 	0.00 	4.30 	0.00 	0.00 	0.00 	
144 	4.30 	4.31 	0.00 	4.31 	0.01 	-0.01 	0.00 	
145 	4.31 	4.31 	0.00 	4.31 	0.00 	0.00 	0.00 	
146 	4.31 	4.31 	0.00 	4.31 	0.00 	-0.00 	0.00 	
147 	4.30 	4.31 	0.00 	4.31 	0.01 	-0.01 	0.00 	
148 	4.33 	4.32 	0.00 	4.31 	0.02 	0.02 	0.00 	
149 	4.37 	4.35 	0.01 	4.32 	0.05 	0.05 	0.00 	
150 	4.43 	4.39 	0.03 	4.36 	0.06 	0.06 	0.00 	
151 	4.42 	4.42 	0.03 	4.42 	0.01 	-0.01 	0.00 	
152 	4.41 	4.43 	0.02 	4.44 	0.03 	-0.03 	0.00 	
153 	4.40 	4.43 	0.01 	4.45 	0.04 	-0.04 	0.00 	
154 	4.41 	4.42 	0.01 	4.44 	0.02 	-0.02 	0.00 	
155 	4.39 	4.41 	-0.00 	4.43 	0.04 	-0.04 	0.00 	
156 	4.41 	4.41 	-0.00 	4.41 	0.00 	-0.00 	0.00 	
157 	4.41 	4.41 	-0.00 	4.41 	0.00 	0.00 	0.00 	
158 	4.43 	4.42 	0.00 	4.40 	0.03 	0.03 	0.00 	
159 	4.44 	4.43 	0.01 	4.42 	0.02 	0.02 	0.00 	
160 	4.43 	4.43 	0.01 	4.43 	0.00 	-0.00 	0.00 	
161 	4.43 	4.44 	0.00 	4.44 	0.01 	-0.01 	0.00 	
162 	4.43 	4.44 	0.00 	4.44 	0.01 	-0.01 	0.00 	
163 	4.44 	4.44 	0.00 	4.44 	0.00 	-0.00 	0.00 	
164 	4.42 	4.43 	-0.00 	4.44 	0.02 	-0.02 	0.00 	
165 	4.39 	4.41 	-0.01 	4.43 	0.04 	-0.04 	0.00 	
166 	4.37 	4.39 	-0.01 	4.40 	0.03 	-0.03 	0.00 	
167 	4.40 	4.39 	-0.01 	4.37 	0.03 	0.03 	0.00 	
168 	4.42 	4.40 	-0.00 	4.38 	0.04 	0.04 	0.00 	
169 	4.43 	4.41 	0.01 	4.40 	0.03 	0.03 	0.00 	
170 	4.45 	4.43 	0.01 	4.42 	0.03 	0.03 	0.00 	
171 	4.46 	4.45 	0.01 	4.44 	0.01 	0.01 	0.00 	
172 	4.43 	4.45 	0.01 	4.46 	0.04 	-0.04 	0.00 	
173 	4.42 	4.44 	0.00 	4.45 	0.03 	-0.03 	0.00 	
174 	4.41 	4.43 	-0.00 	4.44 	0.02 	-0.02 	0.00 	
175 	4.40 	4.41 	-0.01 	4.42 	0.02 	-0.02 	0.00 	
176 	4.40 	4.40 	-0.01 	4.40 	0.00 	-0.00 	0.00 	
177 	4.40 	4.40 	-0.01 	4.39 	0.01 	0.01 	0.00 	
178 	4.40 	4.39 	-0.01 	4.39 	0.01 	0.01 	0.00 	
179 	4.40 	4.40 	-0.00 	4.39 	0.02 	0.02 	0.00 	
180 	4.40 	4.39 	-0.00 	4.39 	0.00 	0.00 	0.00 	
181 	4.36 	4.38 	-0.01 	4.39 	0.03 	-0.03 	0.00 	
182 	4.36 	4.36 	-0.01 	4.37 	0.01 	-0.01 	0.00 	
183 	4.34 	4.35 	-0.01 	4.35 	0.01 	-0.01 	0.00 	
184 	4.38 	4.36 	-0.00 	4.33 	0.05 	0.05 	0.00 	
185 	4.42 	4.38 	0.01 	4.35 	0.07 	0.07 	0.00 	
186 	4.44 	4.42 	0.02 	4.39 	0.05 	0.05 	0.00 	
187 	4.44 	4.44 	0.02 	4.44 	0.00 	-0.00 	0.00 	
188 	4.46 	4.46 	0.02 	4.46 	0.00 	0.00 	0.00 	
189 	4.45 	4.46 	0.01 	4.48 	0.03 	-0.03 	0.00 	
190 	4.42 	4.45 	0.00 	4.48 	0.05 	-0.05 	0.00 	
191 	4.43 	4.44 	-0.00 	4.45 	0.02 	-0.02 	0.00 	
192 	4.41 	4.42 	-0.01 	4.44 	0.03 	-0.03 	0.00 	
193 	4.39 	4.40 	-0.01 	4.41 	0.03 	-0.03 	0.00 	
194 	4.53 	4.46 	0.02 	4.39 	0.14 	0.14 	0.02 	
195 	4.47 	4.47 	0.01 	4.47 	0.00 	-0.00 	0.00 	
196 	4.47 	4.48 	0.01 	4.49 	0.01 	-0.01 	0.00 	
197 	4.44 	4.46 	0.00 	4.49 	0.05 	-0.05 	0.00 	
198 	4.44 	4.45 	-0.00 	4.46 	0.02 	-0.02 	0.00 	
199 	4.42 	4.43 	-0.01 	4.45 	0.03 	-0.03 	0.00 	
200 	4.44 	4.43 	-0.01 	4.42 	0.02 	0.02 	0.00 	
201 	4.46 	4.44 	-0.00 	4.42 	0.03 	0.03 	0.00 	
202 	4.46 	4.45 	0.00 	4.44 	0.02 	0.02 	0.00 	
203 	4.45 	4.45 	0.00 	4.45 	0.00 	-0.00 	0.00 	
204 	4.44 	4.44 	-0.00 	4.45 	0.01 	-0.01 	0.00 	
205 	4.43 	4.44 	-0.00 	4.44 	0.01 	-0.01 	0.00 	
206 	4.43 	4.43 	-0.00 	4.44 	0.01 	-0.01 	0.00 	
207 	4.42 	4.42 	-0.01 	4.43 	0.01 	-0.01 	0.00 	
208 	4.42 	4.42 	-0.01 	4.42 	0.00 	0.00 	0.00 	
209 	4.42 	4.41 	-0.00 	4.41 	0.01 	0.01 	0.00 	
210 	4.42 	4.42 	-0.00 	4.41 	0.01 	0.01 	0.00 	
211 	4.39 	4.40 	-0.01 	4.41 	0.02 	-0.02 	0.00 	
212 	4.38 	4.39 	-0.01 	4.40 	0.01 	-0.01 	0.00 	
213 	4.37 	4.38 	-0.01 	4.38 	0.01 	-0.01 	0.00 	
214 	4.37 	4.37 	-0.01 	4.37 	0.00 	0.00 	0.00 	
215 	4.37 	4.36 	-0.01 	4.36 	0.01 	0.01 	0.00 	
216 	4.37 	4.36 	-0.00 	4.35 	0.02 	0.02 	0.00 	
217 	4.38 	4.37 	-0.00 	4.36 	0.02 	0.02 	0.00 	
218 	4.38 	4.38 	0.00 	4.37 	0.01 	0.01 	0.00 	
219 	4.38 	4.38 	0.00 	4.38 	0.00 	-0.00 	0.00 	
220 	4.36 	4.37 	-0.00 	4.38 	0.02 	-0.02 	0.00 	
221 	4.36 	4.37 	-0.00 	4.37 	0.01 	-0.01 	0.00 	
222 	4.33 	4.35 	-0.01 	4.36 	0.04 	-0.04 	0.00 	
223 	4.30 	4.32 	-0.02 	4.34 	0.03 	-0.03 	0.00 	
224 	4.30 	4.30 	-0.02 	4.30 	0.00 	-0.00 	0.00 	
225 	4.29 	4.29 	-0.02 	4.28 	0.01 	0.01 	0.00 	
226 	4.27 	4.27 	-0.02 	4.27 	0.00 	0.00 	0.00 	
227 	4.27 	4.26 	-0.01 	4.26 	0.01 	0.01 	0.00 	
228 	4.27 	4.26 	-0.01 	4.25 	0.02 	0.02 	0.00 	
229 	4.27 	4.26 	-0.00 	4.25 	0.02 	0.02 	0.00 	
230 	4.28 	4.27 	-0.00 	4.26 	0.02 	0.02 	0.00 	
231 	4.28 	4.27 	0.00 	4.27 	0.01 	0.01 	0.00 	
232 	4.30 	4.29 	0.01 	4.28 	0.03 	0.03 	0.00 	
233 	4.30 	4.30 	0.01 	4.30 	0.00 	0.00 	0.00 	
234 	4.32 	4.31 	0.01 	4.31 	0.01 	0.01 	0.00 	
235 	4.32 	4.32 	0.01 	4.32 	0.01 	-0.01 	0.00 	
236 	4.31 	4.32 	0.01 	4.33 	0.01 	-0.01 	0.00 	
237 	4.31 	4.32 	0.00 	4.33 	0.01 	-0.01 	0.00 	
238 	4.34 	4.33 	0.01 	4.32 	0.01 	0.01 	0.00 	
239 	4.34 	4.34 	0.01 	4.34 	0.00 	0.00 	0.00 	
240 	4.35 	4.34 	0.01 	4.34 	0.01 	0.01 	0.00 	
241 	4.37 	4.36 	0.01 	4.35 	0.01 	0.01 	0.00 	
242 	4.37 	4.37 	0.01 	4.37 	0.00 	0.00 	0.00 	
243 	4.38 	4.38 	0.01 	4.38 	0.00 	-0.00 	0.00 	
244 	4.40 	4.40 	0.01 	4.39 	0.02 	0.02 	0.00 	
245 	4.37 	4.39 	0.01 	4.41 	0.04 	-0.04 	0.00 	
246 	4.35 	4.37 	-0.00 	4.40 	0.05 	-0.05 	0.00 	
247 	4.34 	4.35 	-0.01 	4.37 	0.03 	-0.03 	0.00 	
248 	4.33 	4.33 	-0.01 	4.34 	0.01 	-0.01 	0.00 	
249 	4.35 	4.33 	-0.01 	4.32 	0.02 	0.02 	0.00 	
250 	4.36 	4.34 	-0.00 	4.33 	0.03 	0.03 	0.00 	
251 	4.36 	4.35 	0.00 	4.34 	0.02 	0.02 	0.00 	
252 	4.36 	4.35 	0.00 	4.35 	0.00 	0.00 	0.00 	
253 	4.34 	4.35 	-0.00 	4.36 	0.01 	-0.01 	0.00 	
254 	4.33 	4.34 	-0.00 	4.35 	0.02 	-0.02 	0.00 	
255 	4.31 	4.33 	-0.01 	4.34 	0.02 	-0.02 	0.00 	
256 	4.31 	4.31 	-0.01 	4.32 	0.01 	-0.01 	0.00 	
257 	4.31 	4.31 	-0.01 	4.30 	0.00 	0.00 	0.00 	
258 	4.29 	4.29 	-0.01 	4.30 	0.00 	-0.00 	0.00 	
259 	4.31 	4.30 	-0.01 	4.28 	0.02 	0.02 	0.00 	
260 	4.31 	4.30 	-0.00 	4.29 	0.02 	0.02 	0.00 	
261 	4.30 	4.30 	-0.00 	4.30 	0.00 	-0.00 	0.00 	
262 	4.30 	4.30 	-0.00 	4.30 	0.00 	0.00 	0.00 	
263 	4.31 	4.31 	0.00 	4.30 	0.01 	0.01 	0.00 	
264 	4.32 	4.31 	0.00 	4.31 	0.01 	0.01 	0.00 	
265 	4.30 	4.31 	0.00 	4.32 	0.01 	-0.01 	0.00 	
266 	4.31 	4.31 	0.00 	4.31 	0.00 	0.00 	0.00 	
267 	4.32 	4.31 	0.00 	4.31 	0.00 	0.00 	0.00 	
268 	4.30 	4.31 	-0.00 	4.32 	0.01 	-0.01 	0.00 	
269 	4.29 	4.30 	-0.00 	4.31 	0.02 	-0.02 	0.00 	
270 	4.29 	4.29 	-0.01 	4.30 	0.01 	-0.01 	0.00 	
271 	4.29 	4.29 	-0.01 	4.29 	0.00 	0.00 	0.00 	
272 	4.31 	4.30 	-0.00 	4.28 	0.03 	0.03 	0.00 	
273 	4.31 	4.30 	0.00 	4.30 	0.02 	0.02 	0.00 	
274 	4.31 	4.31 	0.00 	4.31 	0.00 	0.00 	0.00 	
275 	4.34 	4.33 	0.01 	4.31 	0.02 	0.02 	0.00 	
276 	4.32 	4.33 	0.01 	4.33 	0.01 	-0.01 	0.00 	
277 	4.32 	4.33 	0.00 	4.34 	0.01 	-0.01 	0.00 	
278 	4.33 	4.33 	0.00 	4.34 	0.00 	-0.00 	0.00 	
279 	4.33 	4.34 	0.00 	4.34 	0.01 	-0.01 	0.00 	
280 	4.33 	4.34 	0.00 	4.34 	0.01 	-0.01 	0.00 	
281 	4.32 	4.33 	-0.00 	4.34 	0.02 	-0.02 	0.00 	
282 	4.33 	4.33 	-0.00 	4.33 	0.00 	0.00 	0.00 	
283 	4.35 	4.34 	0.00 	4.33 	0.01 	0.01 	0.00 	
284 	4.34 	4.34 	0.00 	4.34 	0.00 	0.00 	0.00 	
285 	4.34 	4.34 	0.00 	4.34 	0.01 	-0.01 	0.00 	
286 	4.32 	4.33 	-0.00 	4.34 	0.03 	-0.03 	0.00 	
287 	4.34 	4.33 	-0.00 	4.32 	0.01 	0.01 	0.00 	
288 	4.33 	4.33 	-0.00 	4.33 	0.00 	0.00 	0.00 	
289 	4.33 	4.33 	-0.00 	4.33 	0.00 	0.00 	0.00 	
290 	4.34 	4.33 	0.00 	4.33 	0.01 	0.01 	0.00 	
291 	4.34 	4.33 	0.00 	4.33 	0.00 	0.00 	0.00 	
292 	4.36 	4.35 	0.01 	4.34 	0.02 	0.02 	0.00 	
293 	4.38 	4.37 	0.01 	4.35 	0.03 	0.03 	0.00 	
294 	4.45 	4.41 	0.03 	4.38 	0.07 	0.07 	0.00 	
295 	4.44 	4.44 	0.02 	4.44 	0.00 	-0.00 	0.00 	
296 	4.44 	4.45 	0.02 	4.46 	0.03 	-0.03 	0.00 	
297 	4.46 	4.47 	0.02 	4.47 	0.01 	-0.01 	0.00 	
298 	4.46 	4.47 	0.01 	4.48 	0.02 	-0.02 	0.00 	
299 	4.46 	4.47 	0.01 	4.48 	0.03 	-0.03 	0.00 	
300 	4.44 	4.46 	0.00 	4.48 	0.04 	-0.04 	0.00 	
301 	4.43 	4.45 	-0.01 	4.46 	0.03 	-0.03 	0.00 	
302 	4.44 	4.44 	-0.01 	4.44 	0.00 	-0.00 	0.00 	
303 	4.44 	4.44 	-0.01 	4.43 	0.00 	0.00 	0.00 	
304 	4.43 	4.43 	-0.01 	4.43 	0.00 	-0.00 	0.00 	
305 	4.43 	4.43 	-0.00 	4.42 	0.01 	0.01 	0.00 	
306 	4.44 	4.43 	-0.00 	4.42 	0.02 	0.02 	0.00 	
307 	4.46 	4.44 	0.00 	4.43 	0.03 	0.03 	0.00 	
308 	4.49 	4.47 	0.01 	4.45 	0.04 	0.04 	0.00 	
309 	4.50 	4.49 	0.02 	4.48 	0.01 	0.01 	0.00 	
310 	4.51 	4.51 	0.02 	4.51 	0.00 	0.00 	0.00 	
311 	4.51 	4.51 	0.01 	4.52 	0.02 	-0.02 	0.00 	
312 	4.47 	4.50 	0.00 	4.53 	0.06 	-0.06 	0.00 	
313 	4.48 	4.49 	-0.00 	4.50 	0.02 	-0.02 	0.00 	
314 	4.46 	4.47 	-0.01 	4.48 	0.02 	-0.02 	0.00 	
315 	4.46 	4.46 	-0.01 	4.46 	0.00 	-0.00 	0.00 	
316 	4.46 	4.45 	-0.01 	4.45 	0.00 	0.00 	0.00 	
317 	4.45 	4.45 	-0.01 	4.45 	0.00 	-0.00 	0.00 	
318 	4.46 	4.45 	-0.00 	4.44 	0.02 	0.02 	0.00 	
319 	4.44 	4.44 	-0.01 	4.44 	0.01 	-0.01 	0.00 	
320 	4.43 	4.44 	-0.01 	4.44 	0.00 	-0.00 	0.00 	
321 	4.43 	4.43 	-0.01 	4.43 	0.00 	0.00 	0.00 	
322 	4.42 	4.42 	-0.01 	4.43 	0.01 	-0.01 	0.00 	
323 	4.43 	4.42 	-0.00 	4.42 	0.01 	0.01 	0.00 	
324 	4.42 	4.42 	-0.00 	4.42 	0.01 	0.01 	0.00 	
325 	4.42 	4.42 	-0.00 	4.42 	0.00 	-0.00 	0.00 	
326 	4.41 	4.41 	-0.00 	4.41 	0.00 	0.00 	0.00 	
327 	4.42 	4.42 	-0.00 	4.41 	0.01 	0.01 	0.00 	
328 	4.43 	4.43 	0.00 	4.42 	0.02 	0.02 	0.00 	
329 	4.42 	4.42 	0.00 	4.43 	0.01 	-0.01 	0.00 	
330 	4.41 	4.42 	-0.00 	4.43 	0.01 	-0.01 	0.00 	
331 	4.39 	4.40 	-0.01 	4.42 	0.03 	-0.03 	0.00 	
332 	4.38 	4.39 	-0.01 	4.40 	0.02 	-0.02 	0.00 	
333 	4.37 	4.37 	-0.01 	4.38 	0.01 	-0.01 	0.00 	
334 	4.38 	4.37 	-0.01 	4.36 	0.02 	0.02 	0.00 	
335 	4.38 	4.37 	-0.00 	4.37 	0.02 	0.02 	0.00 	
336 	4.38 	4.37 	-0.00 	4.37 	0.01 	0.01 	0.00 	
337 	4.38 	4.38 	-0.00 	4.37 	0.01 	0.01 	0.00 	
338 	4.39 	4.38 	0.00 	4.37 	0.02 	0.02 	0.00 	
339 	4.39 	4.39 	0.00 	4.39 	0.00 	0.00 	0.00 	
340 	4.38 	4.38 	0.00 	4.39 	0.01 	-0.01 	0.00 	
341 	4.38 	4.38 	-0.00 	4.38 	0.01 	-0.01 	0.00 	
342 	4.38 	4.38 	-0.00 	4.38 	0.00 	-0.00 	0.00 	
343 	4.38 	4.38 	-0.00 	4.38 	0.00 	-0.00 	0.00 	
344 	4.38 	4.38 	-0.00 	4.37 	0.00 	0.00 	0.00 	
345 	4.38 	4.38 	-0.00 	4.37 	0.00 	0.00 	0.00 	
346 	4.37 	4.37 	-0.00 	4.37 	0.00 	-0.00 	0.00 	
347 	4.36 	4.37 	-0.00 	4.37 	0.01 	-0.01 	0.00 	
348 	4.35 	4.36 	-0.01 	4.36 	0.01 	-0.01 	0.00 	
349 	4.34 	4.34 	-0.01 	4.35 	0.01 	-0.01 	0.00 	
350 	4.34 	4.34 	-0.01 	4.34 	0.00 	0.00 	0.00 	
351 	4.33 	4.33 	-0.01 	4.33 	0.00 	-0.00 	0.00 	
352 	4.32 	4.32 	-0.01 	4.32 	0.00 	0.00 	0.00 	
353 	4.32 	4.32 	-0.01 	4.31 	0.01 	0.01 	0.00 	
354 	4.31 	4.31 	-0.01 	4.31 	0.00 	-0.00 	0.00 	
355 	4.31 	4.31 	-0.01 	4.30 	0.01 	0.01 	0.00 	
356 	4.32 	4.31 	-0.00 	4.30 	0.02 	0.02 	0.00 	
357 	4.32 	4.32 	0.00 	4.31 	0.02 	0.02 	0.00 	
358 	4.32 	4.32 	0.00 	4.32 	0.00 	-0.00 	0.00 	
359 	4.32 	4.32 	0.00 	4.32 	0.00 	0.00 	0.00 	
360 	4.32 	4.32 	0.00 	4.32 	0.00 	-0.00 	0.00 	
361 	4.32 	4.32 	0.00 	4.32 	0.01 	-0.01 	0.00 	
362 	4.32 	4.32 	0.00 	4.32 	0.00 	0.00 	0.00 	
363 	4.34 	4.33 	0.00 	4.32 	0.01 	0.01 	0.00 	
364 	4.33 	4.33 	0.00 	4.33 	0.00 	-0.00 	0.00 	
365 	4.32 	4.33 	0.00 	4.34 	0.02 	-0.02 	0.00 	
366 	4.31 	4.32 	-0.00 	4.33 	0.02 	-0.02 	0.00 	
367 	4.31 	4.31 	-0.00 	4.32 	0.00 	-0.00 	0.00 	
368 	4.32 	4.31 	-0.00 	4.31 	0.01 	0.01 	0.00 	
369 	4.32 	4.32 	-0.00 	4.31 	0.01 	0.01 	0.00 	
370 	4.32 	4.32 	0.00 	4.31 	0.01 	0.01 	0.00 	
371 	4.31 	4.31 	-0.00 	4.32 	0.01 	-0.01 	0.00 	
372 	4.30 	4.31 	-0.00 	4.31 	0.01 	-0.01 	0.00 	
373 	4.31 	4.31 	-0.00 	4.30 	0.01 	0.01 	0.00 	
374 	4.32 	4.31 	0.00 	4.31 	0.01 	0.01 	0.00 	
375 	4.31 	4.31 	0.00 	4.31 	0.00 	0.00 	0.00 	
376 	4.31 	4.31 	0.00 	4.31 	0.00 	-0.00 	0.00 	
377 	4.33 	4.32 	0.00 	4.31 	0.01 	0.01 	0.00 	
378 	4.34 	4.33 	0.01 	4.32 	0.02 	0.02 	0.00 	
379 	4.35 	4.35 	0.01 	4.34 	0.02 	0.02 	0.00 	
380 	4.34 	4.35 	0.01 	4.36 	0.02 	-0.02 	0.00 	
381 	4.32 	4.34 	0.00 	4.35 	0.03 	-0.03 	0.00 	
382 	4.32 	4.33 	-0.00 	4.34 	0.02 	-0.02 	0.00 	
383 	4.31 	4.32 	-0.01 	4.32 	0.01 	-0.01 	0.00 	
384 	4.29 	4.30 	-0.01 	4.31 	0.02 	-0.02 	0.00 	
385 	4.28 	4.28 	-0.01 	4.29 	0.01 	-0.01 	0.00 	
386 	4.29 	4.28 	-0.01 	4.27 	0.02 	0.02 	0.00 	
387 	4.28 	4.28 	-0.01 	4.27 	0.01 	0.01 	0.00 	
388 	4.28 	4.27 	-0.01 	4.27 	0.01 	0.01 	0.00 	
389 	4.27 	4.27 	-0.00 	4.27 	0.01 	0.01 	0.00 	
390 	4.26 	4.26 	-0.01 	4.27 	0.01 	-0.01 	0.00 	
391 	4.24 	4.25 	-0.01 	4.25 	0.01 	-0.01 	0.00 	
392 	4.23 	4.24 	-0.01 	4.24 	0.01 	-0.01 	0.00 	
393 	4.24 	4.23 	-0.01 	4.23 	0.01 	0.01 	0.00 	
394 	4.25 	4.24 	-0.00 	4.23 	0.02 	0.02 	0.00 	
395 	4.26 	4.25 	0.00 	4.24 	0.03 	0.03 	0.00 	
396 	4.25 	4.25 	0.00 	4.25 	0.00 	0.00 	0.00 	
397 	4.24 	4.25 	0.00 	4.26 	0.01 	-0.01 	0.00 	
398 	4.24 	4.24 	-0.00 	4.25 	0.01 	-0.01 	0.00 	
399 	4.24 	4.24 	-0.00 	4.24 	0.00 	-0.00 	0.00 	
400 	4.25 	4.25 	0.00 	4.24 	0.01 	0.01 	0.00 	
401 	4.25 	4.25 	0.00 	4.25 	0.01 	0.01 	0.00 	
402 	4.25 	4.25 	0.00 	4.25 	0.00 	0.00 	0.00 	
403 	4.25 	4.25 	0.00 	4.25 	0.00 	-0.00 	0.00 	
404 	4.25 	4.25 	0.00 	4.25 	0.00 	0.00 	0.00 	
405 	4.25 	4.25 	0.00 	4.26 	0.01 	-0.01 	0.00 	
406 	4.26 	4.26 	0.00 	4.25 	0.01 	0.01 	0.00 	
407 	4.28 	4.27 	0.01 	4.26 	0.02 	0.02 	0.00 	
408 	4.28 	4.28 	0.01 	4.27 	0.01 	0.01 	0.00 	
409 	4.26 	4.27 	0.00 	4.29 	0.02 	-0.02 	0.00 	
410 	4.25 	4.26 	-0.00 	4.28 	0.03 	-0.03 	0.00 	
411 	4.23 	4.24 	-0.01 	4.26 	0.03 	-0.03 	0.00 	
412 	4.23 	4.23 	-0.01 	4.24 	0.01 	-0.01 	0.00 	
413 	4.23 	4.23 	-0.01 	4.22 	0.01 	0.01 	0.00 	
414 	4.23 	4.22 	-0.01 	4.22 	0.01 	0.01 	0.00 	
415 	4.21 	4.21 	-0.01 	4.22 	0.01 	-0.01 	0.00 	
416 	4.24 	4.22 	-0.00 	4.21 	0.03 	0.03 	0.00 	
417 	4.23 	4.22 	0.00 	4.22 	0.01 	0.01 	0.00 	
418 	4.23 	4.23 	0.00 	4.23 	0.01 	0.01 	0.00 	
419 	4.24 	4.24 	0.00 	4.23 	0.01 	0.01 	0.00 	
420 	4.23 	4.24 	0.00 	4.24 	0.01 	-0.01 	0.00 	
421 	4.23 	4.23 	0.00 	4.24 	0.01 	-0.01 	0.00 	
422 	4.23 	4.23 	-0.00 	4.24 	0.01 	-0.01 	0.00 	
423 	4.22 	4.22 	-0.00 	4.23 	0.01 	-0.01 	0.00 	
424 	4.20 	4.21 	-0.01 	4.22 	0.02 	-0.02 	0.00 	
425 	4.20 	4.20 	-0.01 	4.21 	0.01 	-0.01 	0.00 	
426 	4.23 	4.21 	-0.00 	4.19 	0.04 	0.04 	0.00 	
427 	4.22 	4.22 	0.00 	4.21 	0.01 	0.01 	0.00 	
428 	4.20 	4.21 	-0.00 	4.22 	0.01 	-0.01 	0.00 	
429 	4.21 	4.21 	-0.00 	4.21 	0.00 	-0.00 	0.00 	
430 	4.21 	4.21 	-0.00 	4.21 	0.00 	0.00 	0.00 	
431 	4.18 	4.19 	-0.01 	4.20 	0.02 	-0.02 	0.00 	
432 	4.19 	4.19 	-0.01 	4.19 	0.00 	0.00 	0.00 	
433 	4.19 	4.19 	-0.00 	4.18 	0.01 	0.01 	0.00 	
434 	4.19 	4.19 	-0.00 	4.18 	0.01 	0.01 	0.00 	
435 	4.19 	4.18 	-0.00 	4.18 	0.00 	0.00 	0.00 	
436 	4.20 	4.19 	0.00 	4.18 	0.02 	0.02 	0.00 	
437 	4.20 	4.20 	0.00 	4.20 	0.00 	0.00 	0.00 	
438 	4.20 	4.20 	0.00 	4.20 	0.00 	-0.00 	0.00 	
439 	4.21 	4.20 	0.00 	4.20 	0.00 	0.00 	0.00 	
440 	4.21 	4.21 	0.00 	4.21 	0.01 	0.01 	0.00 	
441 	4.21 	4.21 	0.00 	4.21 	0.00 	-0.00 	0.00 	
442 	4.21 	4.21 	0.00 	4.22 	0.01 	-0.01 	0.00 	
443 	4.20 	4.21 	-0.00 	4.22 	0.02 	-0.02 	0.00 	
444 	4.20 	4.20 	-0.00 	4.21 	0.01 	-0.01 	0.00 	
445 	4.20 	4.20 	-0.00 	4.20 	0.01 	0.01 	0.00 	
446 	4.24 	4.22 	0.01 	4.20 	0.04 	0.04 	0.00 	
447 	4.24 	4.23 	0.01 	4.23 	0.01 	0.01 	0.00 	
448 	4.22 	4.23 	0.00 	4.24 	0.02 	-0.02 	0.00 	
449 	4.25 	4.24 	0.01 	4.24 	0.01 	0.01 	0.00 	
450 	4.26 	4.25 	0.01 	4.25 	0.01 	0.01 	0.00 	
451 	4.26 	4.26 	0.01 	4.26 	0.00 	-0.00 	0.00 	
452 	4.24 	4.26 	0.00 	4.27 	0.03 	-0.03 	0.00 	
453 	4.23 	4.24 	-0.00 	4.26 	0.03 	-0.03 	0.00 	
454 	4.24 	4.24 	-0.00 	4.24 	0.00 	0.00 	0.00 	
455 	4.25 	4.24 	-0.00 	4.24 	0.01 	0.01 	0.00 	
456 	4.25 	4.25 	0.00 	4.24 	0.01 	0.01 	0.00 	
457 	4.24 	4.25 	-0.00 	4.25 	0.00 	-0.00 	0.00 	
458 	4.25 	4.25 	0.00 	4.25 	0.01 	0.01 	0.00 	
459 	4.25 	4.25 	0.00 	4.25 	0.00 	-0.00 	0.00 	
460 	4.25 	4.25 	0.00 	4.25 	0.00 	0.00 	0.00 	
461 	4.25 	4.25 	0.00 	4.25 	0.00 	-0.00 	0.00 	
462 	4.24 	4.25 	-0.00 	4.25 	0.01 	-0.01 	0.00 	
463 	4.24 	4.24 	-0.00 	4.25 	0.01 	-0.01 	0.00 	
464 	4.25 	4.25 	-0.00 	4.24 	0.01 	0.01 	0.00 	
465 	4.25 	4.25 	-0.00 	4.25 	0.00 	0.00 	0.00 	
466 	4.24 	4.24 	-0.00 	4.25 	0.01 	-0.01 	0.00 	
467 	4.23 	4.23 	-0.00 	4.24 	0.01 	-0.01 	0.00 	
468 	4.21 	4.22 	-0.01 	4.23 	0.01 	-0.01 	0.00 	
469 	4.21 	4.21 	-0.01 	4.21 	0.01 	-0.01 	0.00 	
470 	4.22 	4.21 	-0.01 	4.20 	0.02 	0.02 	0.00 	
471 	4.22 	4.21 	-0.00 	4.20 	0.01 	0.01 	0.00 	
472 	4.27 	4.24 	0.01 	4.21 	0.06 	0.06 	0.00 	
473 	4.27 	4.26 	0.01 	4.25 	0.02 	0.02 	0.00 	
474 	4.27 	4.27 	0.01 	4.27 	0.01 	-0.01 	0.00 	
475 	4.27 	4.27 	0.01 	4.28 	0.01 	-0.01 	0.00 	
476 	4.27 	4.28 	0.01 	4.28 	0.02 	-0.02 	0.00 	
477 	4.26 	4.27 	0.00 	4.28 	0.02 	-0.02 	0.00 	
478 	4.26 	4.27 	-0.00 	4.28 	0.01 	-0.01 	0.00 	
479 	4.26 	4.27 	-0.00 	4.27 	0.00 	-0.00 	0.00 	
480 	4.26 	4.26 	-0.00 	4.26 	0.00 	-0.00 	0.00 	
481 	4.26 	4.26 	-0.00 	4.26 	0.00 	-0.00 	0.00 	
482 	4.25 	4.25 	-0.00 	4.26 	0.01 	-0.01 	0.00 	
483 	4.25 	4.25 	-0.00 	4.25 	0.01 	0.01 	0.00 	
484 	4.27 	4.26 	0.00 	4.25 	0.02 	0.02 	0.00 	
485 	4.27 	4.26 	0.00 	4.26 	0.01 	0.01 	0.00 	
486 	4.28 	4.28 	0.01 	4.27 	0.02 	0.02 	0.00 	
487 	4.30 	4.29 	0.01 	4.28 	0.01 	0.01 	0.00 	
488 	4.29 	4.30 	0.01 	4.30 	0.01 	-0.01 	0.00 	
489 	4.30 	4.30 	0.01 	4.30 	0.01 	-0.01 	0.00 	
490 	4.29 	4.30 	0.00 	4.31 	0.01 	-0.01 	0.00 	
491 	4.27 	4.29 	-0.00 	4.30 	0.03 	-0.03 	0.00 	
492 	4.29 	4.29 	-0.00 	4.29 	0.00 	-0.00 	0.00 	
493 	4.28 	4.28 	-0.00 	4.28 	0.00 	-0.00 	0.00 	
494 	4.28 	4.28 	-0.00 	4.28 	0.00 	0.00 	0.00 	
495 	4.29 	4.28 	-0.00 	4.28 	0.01 	0.01 	0.00 	
496 	4.29 	4.29 	0.00 	4.28 	0.01 	0.01 	0.00 	
497 	4.26 	4.27 	-0.00 	4.29 	0.02 	-0.02 	0.00 	
498 	4.27 	4.27 	-0.00 	4.27 	0.00 	-0.00 	0.00 	
499 	4.27 	4.27 	-0.00 	4.26 	0.01 	0.01 	0.00 	
500 	4.26 	4.26 	-0.00 	4.26 	0.00 	0.00 	0.00 	
501 	4.26 	4.26 	-0.00 	4.26 	0.00 	0.00 	0.00 	
502 	4.26 	4.26 	-0.00 	4.26 	0.00 	-0.00 	0.00 	
503 	4.26 	4.26 	-0.00 	4.26 	0.01 	0.01 	0.00 	
504 	4.24 	4.25 	-0.00 	4.26 	0.01 	-0.01 	0.00 	
505 	4.25 	4.25 	-0.00 	4.25 	0.01 	0.01 	0.00 	
506 	4.26 	4.25 	-0.00 	4.25 	0.01 	0.01 	0.00 	
507 	4.26 	4.26 	0.00 	4.25 	0.00 	0.00 	0.00 	
508 	4.25 	4.25 	-0.00 	4.26 	0.00 	-0.00 	0.00 	
509 	4.27 	4.26 	0.00 	4.25 	0.01 	0.01 	0.00 	
510 	4.29 	4.28 	0.01 	4.26 	0.02 	0.02 	0.00 	
511 	4.29 	4.29 	0.01 	4.28 	0.01 	0.01 	0.00 	
512 	4.28 	4.29 	0.01 	4.29 	0.01 	-0.01 	0.00 	
513 	4.30 	4.30 	0.01 	4.30 	0.00 	0.00 	0.00 	
514 	4.30 	4.30 	0.01 	4.30 	0.01 	-0.01 	0.00 	
515 	4.29 	4.30 	0.00 	4.30 	0.02 	-0.02 	0.00 	
516 	4.29 	4.29 	0.00 	4.30 	0.01 	-0.01 	0.00 	
517 	4.28 	4.29 	-0.00 	4.29 	0.01 	-0.01 	0.00 	
518 	4.28 	4.28 	-0.00 	4.28 	0.00 	-0.00 	0.00 	
519 	4.30 	4.29 	0.00 	4.28 	0.01 	0.01 	0.00 	
520 	4.33 	4.31 	0.01 	4.29 	0.04 	0.04 	0.00 	
521 	4.33 	4.32 	0.01 	4.31 	0.02 	0.02 	0.00 	
522 	4.32 	4.33 	0.01 	4.33 	0.02 	-0.02 	0.00 	
523 	4.32 	4.33 	0.01 	4.33 	0.01 	-0.01 	0.00 	
524 	4.32 	4.33 	0.00 	4.33 	0.01 	-0.01 	0.00 	
525 	4.33 	4.33 	0.00 	4.33 	0.00 	-0.00 	0.00 	
526 	4.31 	4.32 	-0.00 	4.33 	0.02 	-0.02 	0.00 	
527 	4.32 	4.32 	-0.00 	4.32 	0.00 	0.00 	0.00 	
528 	4.32 	4.32 	-0.00 	4.31 	0.00 	0.00 	0.00 	
529 	4.31 	4.31 	-0.00 	4.31 	0.01 	-0.01 	0.00 	
530 	4.30 	4.30 	-0.01 	4.31 	0.01 	-0.01 	0.00 	
531 	4.28 	4.29 	-0.01 	4.30 	0.02 	-0.02 	0.00 	
532 	4.27 	4.28 	-0.01 	4.28 	0.01 	-0.01 	0.00 	
533 	4.25 	4.26 	-0.01 	4.27 	0.01 	-0.01 	0.00 	
534 	4.24 	4.24 	-0.01 	4.25 	0.01 	-0.01 	0.00 	
535 	4.24 	4.23 	-0.01 	4.23 	0.01 	0.01 	0.00 	
536 	4.24 	4.23 	-0.01 	4.22 	0.02 	0.02 	0.00 	
537 	4.25 	4.24 	-0.00 	4.22 	0.02 	0.02 	0.00 	
538 	4.24 	4.24 	-0.00 	4.23 	0.01 	0.01 	0.00 	
539 	4.25 	4.24 	0.00 	4.24 	0.01 	0.01 	0.00 	
540 	4.25 	4.25 	0.00 	4.24 	0.01 	0.01 	0.00 	
541 	4.26 	4.25 	0.00 	4.25 	0.01 	0.01 	0.00 	
542 	4.26 	4.26 	0.01 	4.26 	0.01 	0.01 	0.00 	
543 	4.25 	4.26 	0.00 	4.26 	0.01 	-0.01 	0.00 	
544 	4.25 	4.26 	0.00 	4.26 	0.01 	-0.01 	0.00 	
545 	4.24 	4.25 	-0.00 	4.26 	0.01 	-0.01 	0.00 	
546 	4.24 	4.24 	-0.00 	4.25 	0.00 	-0.00 	0.00 	
547 	4.25 	4.24 	-0.00 	4.24 	0.01 	0.01 	0.00 	
548 	4.25 	4.25 	-0.00 	4.24 	0.01 	0.01 	0.00 	
549 	4.25 	4.25 	0.00 	4.25 	0.00 	0.00 	0.00 	
550 	4.25 	4.25 	-0.00 	4.25 	0.00 	-0.00 	0.00 	
551 	4.24 	4.24 	-0.00 	4.25 	0.01 	-0.01 	0.00 	
552 	4.24 	4.24 	-0.00 	4.24 	0.01 	-0.01 	0.00 	
553 	4.24 	4.24 	-0.00 	4.24 	0.00 	0.00 	0.00 	
554 	4.25 	4.24 	0.00 	4.24 	0.01 	0.01 	0.00 	
555 	4.25 	4.25 	0.00 	4.24 	0.01 	0.01 	0.00 	
556 	4.24 	4.25 	0.00 	4.25 	0.01 	-0.01 	0.00 	
557 	4.25 	4.25 	0.00 	4.25 	0.00 	-0.00 	0.00 	
558 	4.24 	4.24 	-0.00 	4.25 	0.01 	-0.01 	0.00 	
559 	4.24 	4.24 	-0.00 	4.24 	0.01 	-0.01 	0.00 	
560 	4.22 	4.23 	-0.01 	4.24 	0.01 	-0.01 	0.00 	
561 	 	  	  	 4.22 	 	  	  	 
---------------------------------------
Alpha: 0.50
Beta: 0.40
ME Error: -0.00
MSE Error: 0.00
RMSE Error: 0.02
