Results of simulation:
t	Alpha	Beta	Min RMSE
---------------------------------------
6	0.00	0.56	0.00
7	0.60	0.61	0.01
8	0.61	0.39	0.01
9	0.46	0.95	0.01
10	0.49	0.06	0.01
11	0.19	0.18	0.01
12	0.12	0.37	0.01
13	0.50	0.89	0.01
14	0.60	0.75	0.01
15	0.75	0.69	0.01
16	0.50	0.96	0.01
17	0.45	0.47	0.01
18	0.56	0.91	0.01
19	0.64	0.82	0.01
20	0.13	0.07	0.00
21	0.07	0.88	0.01
22	0.38	0.79	0.01
23	0.71	0.62	0.02
24	0.80	0.81	0.03
25	0.90	0.79	0.04
26	0.05	0.08	0.01
27	0.68	0.95	0.02
28	0.86	0.06	0.03
29	0.95	0.06	0.03
30	0.21	0.46	0.03
31	0.92	0.66	0.03
32	0.59	0.07	0.01
33	0.05	0.29	0.01
34	0.74	0.14	0.02
35	0.65	0.44	0.01
36	0.73	0.53	0.02
37	0.48	0.01	0.02
38	0.88	0.58	0.02
39	0.73	0.63	0.02
40	0.78	0.97	0.01
41	0.27	0.68	0.01
42	0.23	0.64	0.01
43	0.05	0.47	0.01
44	0.43	0.17	0.01
45	0.65	0.05	0.01
46	0.55	0.98	0.02
47	0.55	0.71	0.01
48	0.51	0.49	0.02
49	0.68	0.17	0.02
50	0.65	0.51	0.03
51	0.94	0.07	0.02
52	0.39	0.18	0.02
53	0.79	0.20	0.03
54	0.70	0.02	0.03
55	0.98	0.64	0.05
56	0.81	0.05	0.05
57	0.72	0.03	0.05
58	0.74	0.82	0.06
59	0.77	0.23	0.06
60	0.86	0.14	0.06
61	0.75	0.33	0.07
62	0.40	0.38	0.08
63	0.01	0.97	0.06
64	0.50	0.08	0.04
65	0.34	0.28	0.04
66	0.94	0.27	0.04
67	0.84	0.24	0.03
68	0.08	0.03	0.01
69	0.66	0.87	0.01
70	0.13	0.20	0.01
71	0.33	0.54	0.01
72	0.64	0.70	0.01
73	0.98	0.51	0.02
74	0.63	0.11	0.02
75	0.80	1.00	0.04
76	0.60	0.35	0.04
77	0.67	0.82	0.06
78	0.88	0.41	0.07
79	0.95	0.28	0.07
80	0.39	0.28	0.07
81	0.78	0.08	0.07
82	0.77	0.11	0.06
83	0.91	0.23	0.08
84	0.82	0.82	0.13
85	0.71	0.26	0.13
86	0.87	0.15	0.11
87	0.90	0.15	0.14
88	0.56	0.28	0.14
89	0.37	0.28	0.13
90	0.57	0.53	0.14
91	0.52	0.07	0.12
92	0.79	0.37	0.13
93	0.84	0.19	0.12
94	0.61	0.01	0.10
95	0.97	0.10	0.09
96	0.83	0.37	0.10
97	0.85	0.06	0.10
98	0.64	0.06	0.10
99	0.76	0.02	0.09
100	0.75	0.28	0.11
101	0.95	0.22	0.12
102	0.74	0.10	0.10
103	0.89	0.06	0.10
104	1.00	0.04	0.09
105	0.70	0.25	0.09
106	0.75	0.14	0.09
107	0.71	0.06	0.09
108	0.75	0.39	0.09
109	0.45	0.18	0.08
110	0.70	0.11	0.07
111	0.74	0.27	0.08
112	0.56	0.35	0.08
113	0.50	0.18	0.07
114	0.82	0.24	0.07
115	0.23	0.38	0.07
116	0.77	0.03	0.06
117	0.73	0.06	0.05
118	0.86	0.34	0.06
119	0.32	0.22	0.05
120	0.59	0.16	0.05
121	0.97	0.06	0.05
122	0.61	0.20	0.05
123	0.69	0.62	0.06
124	0.82	0.10	0.06
125	0.07	0.33	0.03
126	0.60	0.56	0.03
127	0.49	0.39	0.03
128	0.02	0.94	0.03
129	0.02	0.16	0.02
130	0.35	0.00	0.02
131	0.12	0.03	0.02
132	0.63	0.18	0.02
133	0.62	0.03	0.02
134	0.60	0.86	0.03
135	0.05	0.66	0.01
136	0.75	0.54	0.02
137	0.91	0.70	0.03
138	0.70	0.46	0.01
139	0.67	0.98	0.02
140	0.74	0.91	0.02
141	0.79	0.14	0.02
142	0.91	0.54	0.04
143	0.47	0.05	0.03
144	0.02	0.33	0.03
145	0.69	0.29	0.03
146	0.81	0.23	0.03
147	0.67	0.38	0.04
148	0.30	0.61	0.04
149	0.78	0.19	0.04
150	0.42	0.06	0.04
151	0.05	0.04	0.03
152	0.88	0.48	0.05
153	0.79	0.41	0.07
154	0.66	0.69	0.10
155	0.81	0.07	0.08
156	0.70	0.07	0.08
157	0.55	0.34	0.09
158	0.84	0.02	0.08
159	0.54	0.44	0.08
160	0.86	0.06	0.08
161	0.82	0.37	0.09
162	0.83	0.22	0.09
163	0.99	0.00	0.10
164	0.85	0.10	0.10
165	0.85	0.27	0.10
166	0.67	0.03	0.10
167	0.86	0.12	0.10
168	0.86	0.11	0.09
169	0.48	0.16	0.08
170	0.93	0.02	0.07
171	0.88	0.03	0.09
172	0.77	0.16	0.09
173	0.65	0.03	0.10
174	0.61	0.55	0.12
175	0.76	0.22	0.11
176	0.83	0.11	0.09
177	0.98	0.32	0.10
178	0.40	0.20	0.09
179	0.57	0.31	0.09
180	0.60	0.28	0.08
181	0.59	0.36	0.08
182	0.56	0.17	0.08
183	0.58	0.35	0.08
184	0.23	0.27	0.07
185	0.85	0.01	0.06
186	0.26	0.01	0.05
187	0.72	0.36	0.06
188	0.79	0.57	0.08
189	0.59	0.36	0.10
190	0.86	0.06	0.10
191	0.74	0.47	0.11
192	0.63	0.04	0.10
193	0.78	0.31	0.10
194	0.49	0.08	0.09
195	0.77	0.25	0.09
196	0.48	0.17	0.08
197	0.53	0.03	0.06
198	0.87	0.50	0.11
199	0.96	0.32	0.12
200	0.61	0.00	0.10
201	0.63	0.10	0.10
202	0.04	0.06	0.08
203	0.96	0.23	0.09
204	0.97	0.25	0.11
205	0.78	0.33	0.11
206	0.87	0.16	0.11
207	0.61	0.07	0.10
208	0.78	0.07	0.09
209	0.83	0.25	0.10
210	0.58	0.01	0.09
211	0.91	0.15	0.09
212	0.75	0.10	0.09
213	0.62	0.38	0.10
214	0.55	0.13	0.08
215	0.87	0.07	0.08
216	0.91	0.10	0.07
217	0.58	0.21	0.07
218	0.95	0.10	0.07
219	0.46	0.18	0.07
220	0.63	0.06	0.07
221	0.96	0.08	0.07
222	0.67	0.05	0.07
223	0.60	0.10	0.07
224	0.71	0.09	0.07
225	0.02	0.12	0.06
226	0.96	0.19	0.05
227	0.74	0.15	0.03
228	0.68	0.07	0.03
229	0.15	0.07	0.02
230	0.07	0.74	0.02
231	0.78	0.10	0.02
232	0.53	0.10	0.02
233	0.68	0.38	0.02
234	0.32	0.11	0.02
235	0.84	0.06	0.02
236	0.71	0.55	0.03
237	0.67	0.37	0.03
238	0.91	0.22	0.04
239	0.67	0.20	0.04
240	0.48	0.04	0.04
241	0.62	0.09	0.04
242	0.89	0.31	0.05
243	0.76	0.19	0.05
244	0.95	0.03	0.06
245	0.78	0.28	0.07
246	0.80	0.37	0.07
247	0.90	0.05	0.07
248	0.59	0.36	0.07
249	0.18	0.65	0.07
250	0.66	0.00	0.05
251	0.44	0.08	0.05
252	0.61	0.47	0.05
253	0.58	0.35	0.06
254	0.79	0.17	0.06
255	0.90	0.17	0.06
256	0.46	0.16	0.06
257	0.51	0.11	0.05
258	0.89	0.02	0.05
259	0.45	0.01	0.04
260	0.77	0.20	0.04
261	0.14	0.42	0.03
262	0.40	0.12	0.03
263	1.00	0.12	0.04
264	0.63	0.08	0.04
265	0.25	0.10	0.03
266	0.65	0.66	0.04
267	0.85	0.08	0.04
268	0.56	0.01	0.03
269	0.56	0.16	0.04
270	0.74	0.03	0.04
271	0.66	0.10	0.04
272	0.09	0.36	0.03
273	0.82	0.01	0.03
274	0.44	0.01	0.03
275	0.63	0.71	0.03
276	0.98	0.01	0.03
277	0.53	0.20	0.03
278	0.83	0.25	0.04
279	0.79	0.39	0.05
280	0.49	0.05	0.05
281	0.74	0.22	0.04
282	0.98	0.16	0.05
283	0.82	0.13	0.05
284	0.78	0.03	0.05
285	0.86	0.19	0.05
286	0.53	0.21	0.05
287	0.50	0.33	0.06
288	0.79	0.08	0.06
289	0.07	0.48	0.05
290	0.44	0.24	0.04
291	0.74	0.55	0.05
292	0.69	0.02	0.05
293	0.79	0.20	0.05
294	0.86	0.28	0.05
295	0.78	0.16	0.05
296	0.89	0.20	0.06
297	0.77	0.24	0.07
298	0.89	0.28	0.10
299	0.77	0.09	0.10
300	0.83	0.08	0.09
301	0.85	0.77	0.12
302	0.89	0.11	0.11
303	0.67	0.05	0.11
304	0.90	0.04	0.10
305	0.79	0.27	0.10
306	0.99	0.02	0.10
307	0.94	0.04	0.10
308	0.66	0.19	0.10
309	0.49	0.32	0.10
310	0.95	0.12	0.10
311	0.50	0.45	0.12
312	0.96	0.09	0.13
313	0.60	0.34	0.14
314	1.00	0.13	0.14
315	0.96	0.09	0.13
316	0.51	0.22	0.11
317	0.58	0.33	0.11
318	0.76	0.02	0.11
319	0.80	0.63	0.13
320	0.50	0.17	0.11
321	0.87	0.11	0.10
322	0.73	0.38	0.11
323	0.59	0.20	0.10
324	0.92	0.21	0.10
325	0.61	0.10	0.09
326	0.85	0.08	0.09
327	0.85	0.34	0.10
328	0.54	0.26	0.10
329	0.62	0.02	0.09
330	0.71	0.01	0.09
331	0.79	0.23	0.09
332	0.76	0.09	0.09
333	0.79	0.33	0.10
334	0.81	0.29	0.09
335	0.56	0.08	0.07
336	0.55	0.31	0.07
337	0.35	0.42	0.07
338	0.96	0.01	0.08
339	0.71	0.21	0.08
340	0.96	0.30	0.08
341	0.98	0.06	0.07
342	0.82	0.26	0.08
343	0.78	0.23	0.08
344	0.72	0.26	0.07
345	0.67	0.05	0.07
346	0.68	0.22	0.07
347	0.81	0.02	0.07
348	0.75	0.21	0.07
349	0.33	0.35	0.08
350	0.49	0.06	0.07
351	0.87	0.15	0.06
352	0.63	0.06	0.06
353	0.84	0.27	0.06
354	0.75	0.08	0.05
355	0.31	0.18	0.04
356	0.65	0.28	0.04
357	0.17	0.33	0.04
358	0.59	0.14	0.04
359	0.85	0.27	0.04
360	0.97	0.26	0.05
361	0.95	0.14	0.05
362	0.09	0.67	0.04
363	0.97	0.16	0.04
364	0.56	0.12	0.04
365	0.80	0.09	0.04
366	0.70	0.35	0.05
367	0.81	0.28	0.05
368	0.45	0.10	0.05
369	0.02	0.76	0.04
370	0.45	0.26	0.04
371	0.63	0.11	0.04
372	0.78	0.23	0.04
373	0.44	0.17	0.04
374	0.54	0.26	0.04
375	0.22	0.06	0.04
376	0.67	0.41	0.04
377	0.63	0.09	0.04
378	0.74	0.12	0.04
379	0.46	0.43	0.04
380	0.98	0.10	0.04
381	0.79	0.27	0.05
382	0.74	0.02	0.06
383	0.84	0.17	0.05
384	0.51	0.19	0.05
385	0.46	0.24	0.04
386	0.65	0.17	0.04
387	0.09	0.06	0.04
388	0.36	0.11	0.03
389	0.59	0.50	0.03
390	0.70	0.19	0.03
391	0.55	0.01	0.03
392	0.17	0.11	0.02
393	0.99	0.02	0.02
394	0.63	0.91	0.01
395	0.79	0.35	0.02
396	0.73	0.82	0.01
397	0.91	0.71	0.01
398	0.02	0.67	0.00
399	0.65	0.64	0.01
400	0.93	0.58	0.02
401	0.06	0.91	0.01
402	0.51	0.92	0.01
403	0.46	0.74	0.01
404	0.63	0.86	0.01
405	0.12	0.11	0.01
406	0.12	0.40	0.01
407	0.79	0.34	0.01
408	0.53	0.20	0.01
409	0.60	0.98	0.01
410	0.67	0.96	0.02
411	0.72	0.29	0.02
412	0.55	0.31	0.02
413	0.73	0.91	0.02
414	0.50	0.73	0.02
415	0.20	0.83	0.01
416	0.77	0.42	0.01
417	0.18	0.99	0.01
418	0.74	0.58	0.02
419	0.93	0.12	0.01
420	0.79	0.74	0.01
421	0.97	0.93	0.02
422	0.91	0.71	0.01
423	0.53	0.53	0.01
424	0.98	0.87	0.02
425	0.95	0.48	0.01
426	0.91	0.66	0.01
427	0.82	0.75	0.02
428	0.98	0.63	0.03
429	0.43	0.12	0.02
430	0.92	0.81	0.02
431	0.89	0.72	0.02
432	0.70	0.21	0.02
433	0.90	0.08	0.02
434	0.89	0.97	0.03
435	0.75	0.04	0.03
436	0.82	0.00	0.02
437	0.99	0.12	0.03
438	0.76	0.44	0.03
439	0.59	0.16	0.03
440	0.58	0.10	0.02
441	0.72	0.58	0.03
442	0.77	0.24	0.02
443	0.61	0.52	0.02
444	0.22	0.06	0.01
445	0.85	0.54	0.02
446	0.56	0.67	0.03
447	0.67	0.22	0.02
448	0.93	0.43	0.02
449	0.83	0.47	0.02
450	0.96	0.93	0.02
451	1.00	0.65	0.02
452	0.68	0.04	0.01
453	0.93	0.37	0.02
454	0.68	0.12	0.01
455	0.92	0.99	0.02
456	0.40	0.83	0.01
457	0.88	0.48	0.02
458	0.82	0.86	0.02
459	0.72	0.62	0.01
460	0.49	0.90	0.01
461	0.76	0.94	0.01
462	0.76	0.65	0.01
463	0.81	0.56	0.02
464	0.50	0.95	0.01
465	0.47	0.63	0.01
466	0.47	0.93	0.01
467	0.16	0.83	0.01
468	0.32	0.02	0.01
469	0.73	0.82	0.01
470	0.62	0.83	0.01
471	0.78	0.74	0.02
472	0.78	0.64	0.02
473	0.65	0.60	0.02
474	0.35	0.31	0.01
475	0.60	0.20	0.01
476	0.83	0.91	0.02
477	0.25	0.22	0.02
478	0.22	0.44	0.02
479	0.79	0.35	0.02
480	0.13	0.88	0.01
481	0.36	0.53	0.01
482	0.17	0.85	0.01
483	0.12	0.12	0.01
484	0.68	0.26	0.02
485	0.55	0.96	0.02
486	0.20	0.23	0.01
487	0.47	0.48	0.01
488	0.57	0.91	0.02
489	0.30	0.30	0.02
490	0.53	0.53	0.03
491	0.85	0.27	0.03
492	0.90	0.05	0.03
493	0.62	0.38	0.03
494	0.07	0.04	0.03
495	0.67	0.06	0.02
496	0.84	0.03	0.02
497	0.79	0.13	0.03
498	0.59	0.02	0.02
499	0.66	0.39	0.03
500	0.97	0.34	0.03
501	0.57	0.09	0.02
502	0.08	0.71	0.02
503	0.32	0.12	0.01
504	0.37	0.25	0.01
505	0.00	0.16	0.01
506	0.56	0.33	0.01
507	0.64	0.92	0.02
508	0.67	0.63	0.01
509	0.53	0.94	0.01
510	0.47	0.32	0.01
511	0.05	0.08	0.01
512	0.30	0.10	0.01
513	0.53	0.75	0.02
514	0.89	0.49	0.03
515	0.54	0.02	0.03
516	0.73	0.00	0.03
517	0.85	0.17	0.03
518	0.16	0.02	0.03
519	0.68	0.02	0.03
520	0.50	0.24	0.03
521	0.46	0.12	0.02
522	0.89	0.26	0.03
523	0.76	0.27	0.03
524	0.70	0.52	0.05
525	0.34	0.00	0.05
526	0.49	0.24	0.05
527	0.80	0.04	0.04
528	0.67	0.42	0.05
529	0.16	0.17	0.04
530	0.72	0.13	0.04
531	0.38	0.49	0.05
532	0.24	0.01	0.04
533	0.59	0.12	0.03
534	0.77	0.21	0.04
535	0.57	0.07	0.02
536	0.72	0.72	0.02
537	0.73	0.65	0.02
538	0.06	0.40	0.01
539	0.48	0.93	0.01
540	0.04	0.27	0.01
541	0.02	0.21	0.01
542	0.66	0.86	0.01
543	0.96	0.46	0.01
544	0.11	0.11	0.01
545	0.54	0.90	0.01
546	0.70	0.24	0.02
547	0.27	0.67	0.01
548	0.78	0.62	0.02
549	0.59	0.95	0.01
550	0.34	0.76	0.01
551	0.48	0.60	0.01
552	0.51	0.93	0.01
553	0.30	0.69	0.01
554	0.63	0.39	0.01
555	0.88	0.51	0.01
556	0.64	0.56	0.01
557	0.60	0.32	0.01
558	0.60	0.69	0.01
559	0.40	0.02	0.01
560	0.73	0.42	0.01

Final Simulation:
Selected Data: Zamkniecie
t	Yt	Ft	St	Yt*	|Yt-Yt*|	Yt-Yt*	(Yt-Yt*)^2	Alpha	Beta
---------------------------------------------------------------
6 	4.22 	4.22 	0.01 	 	  	  	  	 
7 	4.23 	4.23 	0.01 	4.23 	0.00 	0.00 	0.00 	0.60 	 0.61 	
8 	4.24 	4.24 	0.01 	4.23 	0.01 	0.01 	0.00 	0.61 	 0.39 	
9 	4.24 	4.24 	0.01 	4.25 	0.01 	-0.01 	0.00 	0.46 	 0.95 	
10 	4.25 	4.25 	0.01 	4.25 	0.00 	-0.00 	0.00 	0.49 	 0.06 	
11 	4.25 	4.25 	0.01 	4.25 	0.00 	-0.00 	0.00 	0.19 	 0.18 	
12 	4.25 	4.25 	0.01 	4.26 	0.01 	-0.01 	0.00 	0.12 	 0.37 	
13 	4.24 	4.26 	0.00 	4.26 	0.02 	-0.02 	0.00 	0.50 	 0.89 	
14 	4.24 	4.25 	-0.01 	4.26 	0.02 	-0.02 	0.00 	0.60 	 0.75 	
15 	4.23 	4.24 	-0.01 	4.25 	0.01 	-0.01 	0.00 	0.75 	 0.69 	
16 	4.22 	4.22 	-0.01 	4.23 	0.00 	-0.00 	0.00 	0.50 	 0.96 	
17 	4.22 	4.21 	-0.01 	4.21 	0.01 	0.01 	0.00 	0.45 	 0.47 	
18 	4.22 	4.21 	-0.00 	4.21 	0.02 	0.02 	0.00 	0.56 	 0.91 	
19 	4.23 	4.22 	0.01 	4.21 	0.02 	0.02 	0.00 	0.64 	 0.82 	
20 	4.23 	4.23 	0.01 	4.23 	0.00 	-0.00 	0.00 	0.13 	 0.07 	
21 	4.23 	4.23 	0.01 	4.23 	0.00 	-0.00 	0.00 	0.07 	 0.88 	
22 	4.24 	4.24 	0.01 	4.24 	0.00 	-0.00 	0.00 	0.38 	 0.79 	
23 	4.25 	4.25 	0.01 	4.25 	0.00 	0.00 	0.00 	0.71 	 0.62 	
24 	4.26 	4.26 	0.01 	4.25 	0.01 	0.01 	0.00 	0.80 	 0.81 	
25 	4.29 	4.29 	0.02 	4.27 	0.02 	0.02 	0.00 	0.90 	 0.79 	
26 	4.25 	4.26 	-0.02 	4.31 	0.06 	-0.06 	0.00 	0.05 	 0.08 	
27 	4.25 	4.24 	-0.02 	4.24 	0.01 	0.01 	0.00 	0.68 	 0.95 	
28 	4.28 	4.26 	0.02 	4.22 	0.05 	0.05 	0.00 	0.86 	 0.06 	
29 	4.28 	4.28 	0.02 	4.28 	0.01 	0.01 	0.00 	0.95 	 0.06 	
30 	4.28 	4.29 	0.02 	4.30 	0.01 	-0.01 	0.00 	0.21 	 0.46 	
31 	4.28 	4.30 	0.01 	4.30 	0.02 	-0.02 	0.00 	0.92 	 0.66 	
32 	4.25 	4.25 	-0.02 	4.31 	0.06 	-0.06 	0.00 	0.59 	 0.07 	
33 	4.26 	4.25 	-0.02 	4.23 	0.02 	0.02 	0.00 	0.05 	 0.29 	
34 	4.25 	4.22 	-0.02 	4.22 	0.03 	0.03 	0.00 	0.74 	 0.14 	
35 	4.24 	4.23 	-0.02 	4.20 	0.04 	0.04 	0.00 	0.65 	 0.44 	
36 	4.25 	4.24 	-0.01 	4.22 	0.04 	0.04 	0.00 	0.73 	 0.53 	
37 	4.27 	4.26 	0.01 	4.23 	0.04 	0.04 	0.00 	0.48 	 0.01 	
38 	4.25 	4.26 	0.01 	4.27 	0.01 	-0.01 	0.00 	0.88 	 0.58 	
39 	4.24 	4.24 	-0.01 	4.27 	0.03 	-0.03 	0.00 	0.73 	 0.63 	
40 	4.22 	4.22 	-0.02 	4.23 	0.01 	-0.01 	0.00 	0.78 	 0.97 	
41 	4.23 	4.23 	0.01 	4.21 	0.03 	0.03 	0.00 	0.27 	 0.68 	
42 	4.24 	4.24 	0.01 	4.23 	0.01 	0.01 	0.00 	0.23 	 0.64 	
43 	4.25 	4.24 	0.01 	4.24 	0.00 	0.00 	0.00 	0.05 	 0.47 	
44 	4.25 	4.25 	0.01 	4.25 	0.01 	-0.01 	0.00 	0.43 	 0.17 	
45 	4.25 	4.25 	0.01 	4.26 	0.01 	-0.01 	0.00 	0.65 	 0.05 	
46 	4.25 	4.26 	0.01 	4.26 	0.01 	-0.01 	0.00 	0.55 	 0.98 	
47 	4.24 	4.25 	-0.01 	4.26 	0.02 	-0.02 	0.00 	0.55 	 0.71 	
48 	4.25 	4.25 	-0.00 	4.25 	0.01 	0.01 	0.00 	0.51 	 0.49 	
49 	4.26 	4.25 	0.00 	4.25 	0.01 	0.01 	0.00 	0.68 	 0.17 	
50 	4.27 	4.26 	0.00 	4.26 	0.01 	0.01 	0.00 	0.65 	 0.51 	
51 	4.27 	4.27 	0.01 	4.27 	0.01 	0.01 	0.00 	0.94 	 0.07 	
52 	4.27 	4.27 	0.00 	4.28 	0.01 	-0.01 	0.00 	0.39 	 0.18 	
53 	4.27 	4.27 	0.00 	4.28 	0.01 	-0.01 	0.00 	0.79 	 0.20 	
54 	4.28 	4.28 	0.00 	4.28 	0.00 	0.00 	0.00 	0.70 	 0.02 	
55 	4.28 	4.28 	0.00 	4.29 	0.01 	-0.01 	0.00 	0.98 	 0.64 	
56 	4.33 	4.33 	0.03 	4.29 	0.05 	0.05 	0.00 	0.81 	 0.05 	
57 	4.31 	4.32 	0.03 	4.37 	0.05 	-0.05 	0.00 	0.72 	 0.03 	
58 	4.32 	4.33 	0.03 	4.36 	0.03 	-0.03 	0.00 	0.74 	 0.82 	
59 	4.34 	4.35 	0.02 	4.36 	0.02 	-0.02 	0.00 	0.77 	 0.23 	
60 	4.35 	4.35 	0.02 	4.37 	0.02 	-0.02 	0.00 	0.86 	 0.14 	
61 	4.35 	4.35 	0.01 	4.37 	0.02 	-0.02 	0.00 	0.75 	 0.33 	
62 	4.37 	4.36 	0.01 	4.36 	0.00 	0.00 	0.00 	0.40 	 0.38 	
63 	4.37 	4.37 	0.01 	4.38 	0.01 	-0.01 	0.00 	0.01 	 0.97 	
64 	4.32 	4.39 	0.01 	4.39 	0.07 	-0.07 	0.00 	0.50 	 0.08 	
65 	4.30 	4.35 	0.01 	4.40 	0.10 	-0.10 	0.01 	0.34 	 0.28 	
66 	4.30 	4.34 	0.00 	4.36 	0.05 	-0.05 	0.00 	0.94 	 0.27 	
67 	4.27 	4.28 	-0.01 	4.34 	0.07 	-0.07 	0.00 	0.84 	 0.24 	
68 	4.25 	4.26 	-0.02 	4.26 	0.01 	-0.01 	0.00 	0.08 	 0.03 	
69 	4.25 	4.24 	-0.02 	4.24 	0.01 	0.01 	0.00 	0.66 	 0.87 	
70 	4.24 	4.23 	-0.01 	4.22 	0.02 	0.02 	0.00 	0.13 	 0.20 	
71 	4.24 	4.23 	-0.01 	4.23 	0.01 	0.01 	0.00 	0.33 	 0.54 	
72 	4.24 	4.23 	-0.00 	4.22 	0.02 	0.02 	0.00 	0.64 	 0.70 	
73 	4.24 	4.23 	0.00 	4.23 	0.01 	0.01 	0.00 	0.98 	 0.51 	
74 	4.26 	4.26 	0.01 	4.23 	0.02 	0.02 	0.00 	0.63 	 0.11 	
75 	4.26 	4.27 	0.01 	4.27 	0.01 	-0.01 	0.00 	0.80 	 1.00 	
76 	4.30 	4.29 	0.03 	4.28 	0.02 	0.02 	0.00 	0.60 	 0.35 	
77 	4.31 	4.31 	0.03 	4.32 	0.02 	-0.02 	0.00 	0.67 	 0.82 	
78 	4.35 	4.35 	0.03 	4.34 	0.01 	0.01 	0.00 	0.88 	 0.41 	
79 	4.35 	4.35 	0.02 	4.38 	0.03 	-0.03 	0.00 	0.95 	 0.28 	
80 	4.36 	4.36 	0.02 	4.37 	0.01 	-0.01 	0.00 	0.39 	 0.28 	
81 	4.35 	4.37 	0.02 	4.38 	0.03 	-0.03 	0.00 	0.78 	 0.08 	
82 	4.36 	4.37 	0.01 	4.39 	0.02 	-0.02 	0.00 	0.77 	 0.11 	
83 	4.35 	4.36 	0.01 	4.38 	0.03 	-0.03 	0.00 	0.91 	 0.23 	
84 	4.39 	4.39 	0.02 	4.37 	0.02 	0.02 	0.00 	0.82 	 0.82 	
85 	4.48 	4.47 	0.06 	4.41 	0.07 	0.07 	0.01 	0.71 	 0.26 	
86 	4.46 	4.48 	0.05 	4.53 	0.07 	-0.07 	0.01 	0.87 	 0.15 	
87 	4.45 	4.46 	0.04 	4.53 	0.08 	-0.08 	0.01 	0.90 	 0.15 	
88 	4.50 	4.50 	0.04 	4.50 	0.00 	-0.00 	0.00 	0.56 	 0.28 	
89 	4.49 	4.51 	0.03 	4.54 	0.05 	-0.05 	0.00 	0.37 	 0.28 	
90 	4.46 	4.51 	0.02 	4.55 	0.09 	-0.09 	0.01 	0.57 	 0.53 	
91 	4.48 	4.50 	0.01 	4.54 	0.06 	-0.06 	0.00 	0.52 	 0.07 	
92 	4.45 	4.48 	0.00 	4.51 	0.06 	-0.06 	0.00 	0.79 	 0.37 	
93 	4.48 	4.48 	0.00 	4.48 	0.00 	0.00 	0.00 	0.84 	 0.19 	
94 	4.45 	4.46 	-0.00 	4.49 	0.03 	-0.03 	0.00 	0.61 	 0.01 	
95 	4.42 	4.44 	-0.00 	4.46 	0.04 	-0.04 	0.00 	0.97 	 0.10 	
96 	4.40 	4.40 	-0.00 	4.43 	0.03 	-0.03 	0.00 	0.83 	 0.37 	
97 	4.42 	4.42 	0.00 	4.40 	0.03 	0.03 	0.00 	0.85 	 0.06 	
98 	4.42 	4.42 	0.00 	4.42 	0.00 	-0.00 	0.00 	0.64 	 0.06 	
99 	4.42 	4.42 	0.00 	4.42 	0.00 	0.00 	0.00 	0.76 	 0.02 	
100 	4.41 	4.41 	0.00 	4.43 	0.02 	-0.02 	0.00 	0.75 	 0.28 	
101 	4.45 	4.44 	0.01 	4.42 	0.03 	0.03 	0.00 	0.95 	 0.22 	
102 	4.45 	4.45 	0.01 	4.45 	0.00 	-0.00 	0.00 	0.74 	 0.10 	
103 	4.41 	4.42 	0.01 	4.46 	0.05 	-0.05 	0.00 	0.89 	 0.06 	
104 	4.42 	4.42 	0.01 	4.42 	0.00 	-0.00 	0.00 	1.00 	 0.04 	
105 	4.40 	4.40 	0.00 	4.43 	0.03 	-0.03 	0.00 	0.70 	 0.25 	
106 	4.40 	4.40 	0.00 	4.40 	0.01 	-0.01 	0.00 	0.75 	 0.14 	
107 	4.40 	4.40 	0.00 	4.40 	0.00 	0.00 	0.00 	0.71 	 0.06 	
108 	4.40 	4.40 	0.00 	4.41 	0.01 	-0.01 	0.00 	0.75 	 0.39 	
109 	4.39 	4.40 	0.00 	4.40 	0.01 	-0.01 	0.00 	0.45 	 0.18 	
110 	4.37 	4.38 	-0.00 	4.40 	0.03 	-0.03 	0.00 	0.70 	 0.11 	
111 	4.36 	4.37 	-0.00 	4.38 	0.02 	-0.02 	0.00 	0.74 	 0.27 	
112 	4.38 	4.38 	0.00 	4.36 	0.02 	0.02 	0.00 	0.56 	 0.35 	
113 	4.38 	4.38 	0.00 	4.38 	0.00 	0.00 	0.00 	0.50 	 0.18 	
114 	4.36 	4.37 	-0.00 	4.38 	0.02 	-0.02 	0.00 	0.82 	 0.24 	
115 	4.37 	4.37 	-0.00 	4.37 	0.00 	0.00 	0.00 	0.23 	 0.38 	
116 	4.35 	4.36 	-0.00 	4.37 	0.02 	-0.02 	0.00 	0.77 	 0.03 	
117 	4.33 	4.34 	-0.00 	4.36 	0.03 	-0.03 	0.00 	0.73 	 0.06 	
118 	4.32 	4.33 	-0.00 	4.33 	0.01 	-0.01 	0.00 	0.86 	 0.34 	
119 	4.34 	4.34 	0.00 	4.32 	0.02 	0.02 	0.00 	0.32 	 0.22 	
120 	4.32 	4.33 	-0.00 	4.34 	0.02 	-0.02 	0.00 	0.59 	 0.16 	
121 	4.33 	4.33 	0.00 	4.33 	0.00 	0.00 	0.00 	0.97 	 0.06 	
122 	4.32 	4.32 	-0.00 	4.33 	0.01 	-0.01 	0.00 	0.61 	 0.20 	
123 	4.32 	4.32 	-0.00 	4.32 	0.00 	-0.00 	0.00 	0.69 	 0.62 	
124 	4.34 	4.33 	0.01 	4.32 	0.02 	0.02 	0.00 	0.82 	 0.10 	
125 	4.29 	4.30 	0.00 	4.34 	0.05 	-0.05 	0.00 	0.07 	 0.33 	
126 	4.28 	4.30 	0.00 	4.30 	0.03 	-0.03 	0.00 	0.60 	 0.56 	
127 	4.29 	4.30 	-0.00 	4.30 	0.02 	-0.02 	0.00 	0.49 	 0.39 	
128 	4.29 	4.29 	-0.00 	4.29 	0.00 	-0.00 	0.00 	0.02 	 0.94 	
129 	4.28 	4.29 	-0.00 	4.29 	0.01 	-0.01 	0.00 	0.02 	 0.16 	
130 	4.26 	4.28 	-0.00 	4.28 	0.02 	-0.02 	0.00 	0.35 	 0.00 	
131 	4.26 	4.27 	-0.00 	4.28 	0.02 	-0.02 	0.00 	0.12 	 0.03 	
132 	4.26 	4.27 	-0.00 	4.27 	0.01 	-0.01 	0.00 	0.63 	 0.18 	
133 	4.26 	4.26 	-0.00 	4.26 	0.00 	-0.00 	0.00 	0.62 	 0.03 	
134 	4.27 	4.27 	-0.00 	4.26 	0.01 	0.01 	0.00 	0.60 	 0.86 	
135 	4.25 	4.26 	-0.01 	4.26 	0.01 	-0.01 	0.00 	0.05 	 0.66 	
136 	4.25 	4.25 	-0.01 	4.25 	0.00 	0.00 	0.00 	0.75 	 0.54 	
137 	4.27 	4.26 	0.00 	4.24 	0.03 	0.03 	0.00 	0.91 	 0.70 	
138 	4.24 	4.25 	-0.01 	4.27 	0.02 	-0.02 	0.00 	0.70 	 0.46 	
139 	4.25 	4.25 	-0.00 	4.23 	0.02 	0.02 	0.00 	0.67 	 0.98 	
140 	4.24 	4.24 	-0.01 	4.24 	0.00 	-0.00 	0.00 	0.74 	 0.91 	
141 	4.26 	4.26 	0.01 	4.24 	0.03 	0.03 	0.00 	0.79 	 0.14 	
142 	4.27 	4.27 	0.01 	4.27 	0.00 	-0.00 	0.00 	0.91 	 0.54 	
143 	4.30 	4.30 	0.02 	4.28 	0.02 	0.02 	0.00 	0.47 	 0.05 	
144 	4.29 	4.31 	0.02 	4.32 	0.02 	-0.02 	0.00 	0.02 	 0.33 	
145 	4.28 	4.33 	0.02 	4.33 	0.05 	-0.05 	0.00 	0.69 	 0.29 	
146 	4.29 	4.31 	0.01 	4.35 	0.06 	-0.06 	0.00 	0.81 	 0.23 	
147 	4.29 	4.29 	0.00 	4.32 	0.03 	-0.03 	0.00 	0.67 	 0.38 	
148 	4.30 	4.30 	0.00 	4.30 	0.00 	0.00 	0.00 	0.30 	 0.61 	
149 	4.30 	4.30 	0.00 	4.30 	0.01 	-0.01 	0.00 	0.78 	 0.19 	
150 	4.31 	4.31 	0.00 	4.30 	0.00 	0.00 	0.00 	0.42 	 0.06 	
151 	4.30 	4.30 	0.00 	4.31 	0.01 	-0.01 	0.00 	0.05 	 0.04 	
152 	4.27 	4.31 	0.00 	4.31 	0.03 	-0.03 	0.00 	0.88 	 0.48 	
153 	4.32 	4.32 	0.01 	4.31 	0.01 	0.01 	0.00 	0.79 	 0.41 	
154 	4.36 	4.36 	0.02 	4.33 	0.04 	0.04 	0.00 	0.66 	 0.69 	
155 	4.41 	4.40 	0.04 	4.38 	0.03 	0.03 	0.00 	0.81 	 0.07 	
156 	4.37 	4.39 	0.03 	4.43 	0.06 	-0.06 	0.00 	0.70 	 0.07 	
157 	4.38 	4.39 	0.03 	4.42 	0.03 	-0.03 	0.00 	0.55 	 0.34 	
158 	4.40 	4.41 	0.03 	4.43 	0.03 	-0.03 	0.00 	0.84 	 0.02 	
159 	4.37 	4.38 	0.02 	4.44 	0.06 	-0.06 	0.00 	0.54 	 0.44 	
160 	4.38 	4.39 	0.02 	4.41 	0.03 	-0.03 	0.00 	0.86 	 0.06 	
161 	4.39 	4.40 	0.02 	4.41 	0.02 	-0.02 	0.00 	0.82 	 0.37 	
162 	4.40 	4.40 	0.01 	4.41 	0.01 	-0.01 	0.00 	0.83 	 0.22 	
163 	4.41 	4.41 	0.01 	4.42 	0.01 	-0.01 	0.00 	0.99 	 0.00 	
164 	4.43 	4.43 	0.01 	4.42 	0.01 	0.01 	0.00 	0.85 	 0.10 	
165 	4.43 	4.43 	0.01 	4.44 	0.01 	-0.01 	0.00 	0.85 	 0.27 	
166 	4.42 	4.42 	0.00 	4.44 	0.03 	-0.03 	0.00 	0.67 	 0.03 	
167 	4.43 	4.43 	0.00 	4.43 	0.00 	-0.00 	0.00 	0.86 	 0.12 	
168 	4.41 	4.42 	0.00 	4.43 	0.02 	-0.02 	0.00 	0.86 	 0.11 	
169 	4.41 	4.41 	0.00 	4.42 	0.01 	-0.01 	0.00 	0.48 	 0.16 	
170 	4.37 	4.39 	-0.00 	4.41 	0.04 	-0.04 	0.00 	0.93 	 0.02 	
171 	4.37 	4.37 	-0.00 	4.39 	0.02 	-0.02 	0.00 	0.88 	 0.03 	
172 	4.40 	4.39 	-0.00 	4.37 	0.03 	0.03 	0.00 	0.77 	 0.16 	
173 	4.41 	4.41 	0.00 	4.39 	0.02 	0.02 	0.00 	0.65 	 0.03 	
174 	4.42 	4.41 	0.00 	4.41 	0.01 	0.01 	0.00 	0.61 	 0.55 	
175 	4.44 	4.43 	0.01 	4.41 	0.03 	0.03 	0.00 	0.76 	 0.22 	
176 	4.43 	4.43 	0.01 	4.44 	0.02 	-0.02 	0.00 	0.83 	 0.11 	
177 	4.41 	4.41 	0.01 	4.44 	0.03 	-0.03 	0.00 	0.98 	 0.32 	
178 	4.41 	4.41 	0.00 	4.42 	0.01 	-0.01 	0.00 	0.40 	 0.20 	
179 	4.39 	4.40 	0.00 	4.41 	0.02 	-0.02 	0.00 	0.57 	 0.31 	
180 	4.39 	4.40 	-0.00 	4.40 	0.01 	-0.01 	0.00 	0.60 	 0.28 	
181 	4.39 	4.39 	-0.00 	4.40 	0.01 	-0.01 	0.00 	0.59 	 0.36 	
182 	4.38 	4.39 	-0.00 	4.39 	0.00 	-0.00 	0.00 	0.56 	 0.17 	
183 	4.39 	4.38 	-0.00 	4.38 	0.00 	0.00 	0.00 	0.58 	 0.35 	
184 	4.39 	4.38 	-0.00 	4.38 	0.01 	0.01 	0.00 	0.23 	 0.27 	
185 	4.36 	4.38 	-0.00 	4.38 	0.03 	-0.03 	0.00 	0.85 	 0.01 	
186 	4.35 	4.36 	-0.00 	4.37 	0.02 	-0.02 	0.00 	0.26 	 0.01 	
187 	4.32 	4.34 	-0.00 	4.35 	0.03 	-0.03 	0.00 	0.72 	 0.36 	
188 	4.34 	4.34 	-0.01 	4.34 	0.01 	-0.01 	0.00 	0.79 	 0.57 	
189 	4.38 	4.37 	0.01 	4.33 	0.04 	0.04 	0.00 	0.59 	 0.36 	
190 	4.41 	4.40 	0.02 	4.38 	0.03 	0.03 	0.00 	0.86 	 0.06 	
191 	4.43 	4.43 	0.02 	4.42 	0.01 	0.01 	0.00 	0.74 	 0.47 	
192 	4.43 	4.43 	0.01 	4.45 	0.02 	-0.02 	0.00 	0.63 	 0.04 	
193 	4.43 	4.43 	0.01 	4.45 	0.02 	-0.02 	0.00 	0.78 	 0.31 	
194 	4.42 	4.43 	0.01 	4.45 	0.03 	-0.03 	0.00 	0.49 	 0.08 	
195 	4.39 	4.41 	0.00 	4.43 	0.04 	-0.04 	0.00 	0.77 	 0.25 	
196 	4.40 	4.40 	0.00 	4.42 	0.02 	-0.02 	0.00 	0.48 	 0.17 	
197 	4.37 	4.39 	-0.00 	4.40 	0.03 	-0.03 	0.00 	0.53 	 0.03 	
198 	4.34 	4.36 	-0.00 	4.39 	0.05 	-0.05 	0.00 	0.87 	 0.50 	
199 	4.45 	4.44 	0.04 	4.36 	0.09 	0.09 	0.01 	0.96 	 0.32 	
200 	4.46 	4.46 	0.03 	4.48 	0.01 	-0.01 	0.00 	0.61 	 0.00 	
201 	4.43 	4.45 	0.03 	4.50 	0.07 	-0.07 	0.00 	0.63 	 0.10 	
202 	4.42 	4.45 	0.03 	4.49 	0.07 	-0.07 	0.00 	0.04 	 0.06 	
203 	4.37 	4.47 	0.03 	4.48 	0.10 	-0.10 	0.01 	0.96 	 0.23 	
204 	4.41 	4.41 	0.01 	4.50 	0.09 	-0.09 	0.01 	0.97 	 0.25 	
205 	4.44 	4.44 	0.01 	4.42 	0.01 	0.01 	0.00 	0.78 	 0.33 	
206 	4.44 	4.44 	0.01 	4.45 	0.01 	-0.01 	0.00 	0.87 	 0.16 	
207 	4.44 	4.44 	0.01 	4.45 	0.01 	-0.01 	0.00 	0.61 	 0.07 	
208 	4.43 	4.44 	0.01 	4.45 	0.02 	-0.02 	0.00 	0.78 	 0.07 	
209 	4.41 	4.42 	0.01 	4.44 	0.03 	-0.03 	0.00 	0.83 	 0.25 	
210 	4.43 	4.43 	0.01 	4.43 	0.00 	0.00 	0.00 	0.58 	 0.01 	
211 	4.40 	4.41 	0.01 	4.43 	0.04 	-0.04 	0.00 	0.91 	 0.15 	
212 	4.41 	4.41 	0.00 	4.42 	0.01 	-0.01 	0.00 	0.75 	 0.10 	
213 	4.41 	4.41 	0.00 	4.41 	0.00 	-0.00 	0.00 	0.62 	 0.38 	
214 	4.41 	4.41 	0.00 	4.41 	0.00 	-0.00 	0.00 	0.55 	 0.13 	
215 	4.37 	4.39 	0.00 	4.41 	0.05 	-0.05 	0.00 	0.87 	 0.07 	
216 	4.38 	4.38 	-0.00 	4.39 	0.01 	-0.01 	0.00 	0.91 	 0.10 	
217 	4.37 	4.37 	-0.00 	4.38 	0.01 	-0.01 	0.00 	0.58 	 0.21 	
218 	4.36 	4.36 	-0.00 	4.37 	0.01 	-0.01 	0.00 	0.95 	 0.10 	
219 	4.36 	4.36 	-0.00 	4.36 	0.00 	-0.00 	0.00 	0.46 	 0.18 	
220 	4.36 	4.36 	-0.00 	4.36 	0.01 	0.01 	0.00 	0.63 	 0.06 	
221 	4.36 	4.36 	-0.00 	4.36 	0.00 	0.00 	0.00 	0.96 	 0.08 	
222 	4.37 	4.37 	-0.00 	4.36 	0.01 	0.01 	0.00 	0.67 	 0.05 	
223 	4.36 	4.37 	-0.00 	4.37 	0.00 	-0.00 	0.00 	0.60 	 0.10 	
224 	4.36 	4.36 	-0.00 	4.36 	0.01 	-0.01 	0.00 	0.71 	 0.09 	
225 	4.36 	4.36 	-0.00 	4.36 	0.00 	0.00 	0.00 	0.02 	 0.12 	
226 	4.32 	4.36 	-0.00 	4.36 	0.03 	-0.03 	0.00 	0.96 	 0.19 	
227 	4.28 	4.28 	-0.02 	4.35 	0.07 	-0.07 	0.01 	0.74 	 0.15 	
228 	4.29 	4.28 	-0.01 	4.27 	0.02 	0.02 	0.00 	0.68 	 0.07 	
229 	4.28 	4.28 	-0.01 	4.27 	0.01 	0.01 	0.00 	0.15 	 0.07 	
230 	4.27 	4.26 	-0.01 	4.26 	0.01 	0.01 	0.00 	0.07 	 0.74 	
231 	4.26 	4.25 	-0.01 	4.25 	0.01 	0.01 	0.00 	0.78 	 0.10 	
232 	4.26 	4.26 	-0.01 	4.24 	0.02 	0.02 	0.00 	0.53 	 0.10 	
233 	4.26 	4.26 	-0.01 	4.25 	0.01 	0.01 	0.00 	0.68 	 0.38 	
234 	4.27 	4.26 	-0.00 	4.25 	0.03 	0.03 	0.00 	0.32 	 0.11 	
235 	4.27 	4.26 	-0.00 	4.26 	0.01 	0.01 	0.00 	0.84 	 0.06 	
236 	4.27 	4.27 	-0.00 	4.26 	0.01 	0.01 	0.00 	0.71 	 0.55 	
237 	4.29 	4.28 	0.01 	4.27 	0.02 	0.02 	0.00 	0.67 	 0.37 	
238 	4.29 	4.29 	0.01 	4.29 	0.00 	0.00 	0.00 	0.91 	 0.22 	
239 	4.31 	4.31 	0.01 	4.30 	0.02 	0.02 	0.00 	0.67 	 0.20 	
240 	4.31 	4.31 	0.01 	4.32 	0.01 	-0.01 	0.00 	0.48 	 0.04 	
241 	4.31 	4.32 	0.01 	4.32 	0.01 	-0.01 	0.00 	0.62 	 0.09 	
242 	4.31 	4.31 	0.01 	4.32 	0.02 	-0.02 	0.00 	0.89 	 0.31 	
243 	4.33 	4.33 	0.01 	4.32 	0.01 	0.01 	0.00 	0.76 	 0.19 	
244 	4.33 	4.33 	0.01 	4.34 	0.01 	-0.01 	0.00 	0.95 	 0.03 	
245 	4.34 	4.34 	0.01 	4.34 	0.00 	0.00 	0.00 	0.78 	 0.28 	
246 	4.36 	4.36 	0.01 	4.35 	0.01 	0.01 	0.00 	0.80 	 0.37 	
247 	4.36 	4.36 	0.01 	4.37 	0.00 	-0.00 	0.00 	0.90 	 0.05 	
248 	4.36 	4.36 	0.01 	4.37 	0.01 	-0.01 	0.00 	0.59 	 0.36 	
249 	4.37 	4.37 	0.01 	4.37 	0.00 	-0.00 	0.00 	0.18 	 0.65 	
250 	4.34 	4.37 	0.00 	4.38 	0.03 	-0.03 	0.00 	0.66 	 0.00 	
251 	4.33 	4.35 	0.00 	4.37 	0.04 	-0.04 	0.00 	0.44 	 0.08 	
252 	4.32 	4.34 	0.00 	4.35 	0.03 	-0.03 	0.00 	0.61 	 0.47 	
253 	4.33 	4.33 	-0.00 	4.34 	0.01 	-0.01 	0.00 	0.58 	 0.35 	
254 	4.34 	4.34 	0.00 	4.33 	0.01 	0.01 	0.00 	0.79 	 0.17 	
255 	4.35 	4.35 	0.00 	4.34 	0.01 	0.01 	0.00 	0.90 	 0.17 	
256 	4.35 	4.35 	0.00 	4.35 	0.01 	0.01 	0.00 	0.46 	 0.16 	
257 	4.34 	4.35 	0.00 	4.36 	0.02 	-0.02 	0.00 	0.51 	 0.11 	
258 	4.33 	4.34 	0.00 	4.35 	0.02 	-0.02 	0.00 	0.89 	 0.02 	
259 	4.31 	4.31 	0.00 	4.34 	0.03 	-0.03 	0.00 	0.45 	 0.01 	
260 	4.30 	4.31 	-0.00 	4.31 	0.02 	-0.02 	0.00 	0.77 	 0.20 	
261 	4.30 	4.30 	-0.00 	4.31 	0.00 	-0.00 	0.00 	0.14 	 0.42 	
262 	4.29 	4.30 	-0.00 	4.30 	0.01 	-0.01 	0.00 	0.40 	 0.12 	
263 	4.28 	4.29 	-0.00 	4.30 	0.02 	-0.02 	0.00 	1.00 	 0.12 	
264 	4.30 	4.30 	-0.00 	4.29 	0.01 	0.01 	0.00 	0.63 	 0.08 	
265 	4.30 	4.30 	-0.00 	4.30 	0.00 	-0.00 	0.00 	0.25 	 0.10 	
266 	4.28 	4.29 	-0.00 	4.30 	0.01 	-0.01 	0.00 	0.65 	 0.66 	
267 	4.30 	4.29 	0.00 	4.29 	0.00 	0.00 	0.00 	0.85 	 0.08 	
268 	4.30 	4.30 	0.00 	4.29 	0.01 	0.01 	0.00 	0.56 	 0.01 	
269 	4.30 	4.30 	0.00 	4.30 	0.01 	-0.01 	0.00 	0.56 	 0.16 	
270 	4.30 	4.30 	0.00 	4.30 	0.00 	-0.00 	0.00 	0.74 	 0.03 	
271 	4.31 	4.30 	0.00 	4.30 	0.01 	0.01 	0.00 	0.66 	 0.10 	
272 	4.30 	4.30 	0.00 	4.31 	0.01 	-0.01 	0.00 	0.09 	 0.36 	
273 	4.28 	4.30 	-0.00 	4.30 	0.02 	-0.02 	0.00 	0.82 	 0.01 	
274 	4.28 	4.29 	-0.00 	4.30 	0.02 	-0.02 	0.00 	0.44 	 0.01 	
275 	4.27 	4.28 	-0.00 	4.29 	0.02 	-0.02 	0.00 	0.63 	 0.71 	
276 	4.28 	4.28 	0.00 	4.28 	0.01 	0.01 	0.00 	0.98 	 0.01 	
277 	4.30 	4.30 	0.00 	4.29 	0.01 	0.01 	0.00 	0.53 	 0.20 	
278 	4.29 	4.30 	0.00 	4.30 	0.00 	-0.00 	0.00 	0.83 	 0.25 	
279 	4.31 	4.31 	0.00 	4.30 	0.01 	0.01 	0.00 	0.79 	 0.39 	
280 	4.32 	4.32 	0.01 	4.31 	0.01 	0.01 	0.00 	0.49 	 0.05 	
281 	4.31 	4.32 	0.01 	4.33 	0.01 	-0.01 	0.00 	0.74 	 0.22 	
282 	4.31 	4.32 	0.00 	4.33 	0.02 	-0.02 	0.00 	0.98 	 0.16 	
283 	4.32 	4.32 	0.00 	4.32 	0.00 	-0.00 	0.00 	0.82 	 0.13 	
284 	4.33 	4.33 	0.01 	4.32 	0.01 	0.01 	0.00 	0.78 	 0.03 	
285 	4.32 	4.32 	0.00 	4.33 	0.01 	-0.01 	0.00 	0.86 	 0.19 	
286 	4.32 	4.32 	0.00 	4.33 	0.01 	-0.01 	0.00 	0.53 	 0.21 	
287 	4.33 	4.32 	0.00 	4.32 	0.00 	0.00 	0.00 	0.50 	 0.33 	
288 	4.34 	4.33 	0.01 	4.33 	0.01 	0.01 	0.00 	0.79 	 0.08 	
289 	4.34 	4.34 	0.01 	4.34 	0.00 	0.00 	0.00 	0.07 	 0.48 	
290 	4.31 	4.34 	0.00 	4.34 	0.04 	-0.04 	0.00 	0.44 	 0.24 	
291 	4.30 	4.33 	-0.00 	4.34 	0.04 	-0.04 	0.00 	0.74 	 0.55 	
292 	4.33 	4.33 	-0.00 	4.33 	0.00 	0.00 	0.00 	0.69 	 0.02 	
293 	4.32 	4.32 	-0.00 	4.32 	0.01 	-0.01 	0.00 	0.79 	 0.20 	
294 	4.33 	4.33 	0.00 	4.32 	0.01 	0.01 	0.00 	0.86 	 0.28 	
295 	4.33 	4.33 	0.00 	4.33 	0.00 	0.00 	0.00 	0.78 	 0.16 	
296 	4.33 	4.33 	0.00 	4.33 	0.00 	-0.00 	0.00 	0.89 	 0.20 	
297 	4.34 	4.34 	0.00 	4.33 	0.01 	0.01 	0.00 	0.77 	 0.24 	
298 	4.37 	4.36 	0.01 	4.34 	0.03 	0.03 	0.00 	0.89 	 0.28 	
299 	4.42 	4.42 	0.02 	4.37 	0.05 	0.05 	0.00 	0.77 	 0.09 	
300 	4.42 	4.43 	0.02 	4.44 	0.01 	-0.01 	0.00 	0.83 	 0.08 	
301 	4.41 	4.41 	0.02 	4.44 	0.04 	-0.04 	0.00 	0.85 	 0.77 	
302 	4.45 	4.45 	0.03 	4.43 	0.02 	0.02 	0.00 	0.89 	 0.11 	
303 	4.44 	4.44 	0.03 	4.48 	0.04 	-0.04 	0.00 	0.67 	 0.05 	
304 	4.44 	4.45 	0.03 	4.47 	0.03 	-0.03 	0.00 	0.90 	 0.04 	
305 	4.43 	4.43 	0.02 	4.48 	0.05 	-0.05 	0.00 	0.79 	 0.27 	
306 	4.42 	4.43 	0.02 	4.46 	0.04 	-0.04 	0.00 	0.99 	 0.02 	
307 	4.43 	4.43 	0.02 	4.44 	0.01 	-0.01 	0.00 	0.94 	 0.04 	
308 	4.42 	4.42 	0.01 	4.45 	0.03 	-0.03 	0.00 	0.66 	 0.19 	
309 	4.42 	4.43 	0.01 	4.44 	0.02 	-0.02 	0.00 	0.49 	 0.32 	
310 	4.42 	4.43 	0.01 	4.44 	0.02 	-0.02 	0.00 	0.95 	 0.12 	
311 	4.43 	4.44 	0.01 	4.44 	0.01 	-0.01 	0.00 	0.50 	 0.45 	
312 	4.46 	4.45 	0.01 	4.44 	0.01 	0.01 	0.00 	0.96 	 0.09 	
313 	4.49 	4.49 	0.01 	4.46 	0.03 	0.03 	0.00 	0.60 	 0.34 	
314 	4.48 	4.49 	0.01 	4.50 	0.02 	-0.02 	0.00 	1.00 	 0.13 	
315 	4.50 	4.50 	0.01 	4.50 	0.00 	-0.00 	0.00 	0.96 	 0.09 	
316 	4.46 	4.46 	0.01 	4.51 	0.05 	-0.05 	0.00 	0.51 	 0.22 	
317 	4.43 	4.45 	0.00 	4.47 	0.03 	-0.03 	0.00 	0.58 	 0.33 	
318 	4.44 	4.45 	-0.00 	4.45 	0.01 	-0.01 	0.00 	0.76 	 0.02 	
319 	4.45 	4.45 	-0.00 	4.45 	0.01 	0.01 	0.00 	0.80 	 0.63 	
320 	4.45 	4.45 	0.00 	4.45 	0.00 	0.00 	0.00 	0.50 	 0.17 	
321 	4.43 	4.44 	-0.00 	4.45 	0.03 	-0.03 	0.00 	0.87 	 0.11 	
322 	4.44 	4.44 	-0.00 	4.44 	0.00 	-0.00 	0.00 	0.73 	 0.38 	
323 	4.43 	4.43 	-0.00 	4.43 	0.00 	-0.00 	0.00 	0.59 	 0.20 	
324 	4.42 	4.42 	-0.00 	4.43 	0.01 	-0.01 	0.00 	0.92 	 0.21 	
325 	4.42 	4.42 	-0.00 	4.42 	0.00 	0.00 	0.00 	0.61 	 0.10 	
326 	4.41 	4.41 	-0.00 	4.42 	0.01 	-0.01 	0.00 	0.85 	 0.08 	
327 	4.41 	4.41 	-0.00 	4.41 	0.00 	0.00 	0.00 	0.85 	 0.34 	
328 	4.42 	4.42 	-0.00 	4.41 	0.01 	0.01 	0.00 	0.54 	 0.26 	
329 	4.41 	4.41 	-0.00 	4.42 	0.01 	-0.01 	0.00 	0.62 	 0.02 	
330 	4.40 	4.40 	-0.00 	4.41 	0.01 	-0.01 	0.00 	0.71 	 0.01 	
331 	4.41 	4.40 	-0.00 	4.40 	0.00 	0.00 	0.00 	0.79 	 0.23 	
332 	4.41 	4.41 	-0.00 	4.40 	0.00 	0.00 	0.00 	0.76 	 0.09 	
333 	4.41 	4.40 	-0.00 	4.40 	0.00 	0.00 	0.00 	0.79 	 0.33 	
334 	4.41 	4.41 	0.00 	4.40 	0.01 	0.01 	0.00 	0.81 	 0.29 	
335 	4.39 	4.39 	-0.00 	4.41 	0.02 	-0.02 	0.00 	0.56 	 0.08 	
336 	4.37 	4.38 	-0.01 	4.39 	0.02 	-0.02 	0.00 	0.55 	 0.31 	
337 	4.36 	4.37 	-0.01 	4.37 	0.01 	-0.01 	0.00 	0.35 	 0.42 	
338 	4.36 	4.36 	-0.01 	4.36 	0.00 	-0.00 	0.00 	0.96 	 0.01 	
339 	4.38 	4.38 	-0.01 	4.35 	0.03 	0.03 	0.00 	0.71 	 0.21 	
340 	4.37 	4.37 	-0.01 	4.37 	0.00 	-0.00 	0.00 	0.96 	 0.30 	
341 	4.37 	4.37 	-0.01 	4.37 	0.01 	0.01 	0.00 	0.98 	 0.06 	
342 	4.37 	4.37 	-0.00 	4.37 	0.01 	0.01 	0.00 	0.82 	 0.26 	
343 	4.38 	4.38 	-0.00 	4.37 	0.01 	0.01 	0.00 	0.78 	 0.23 	
344 	4.37 	4.37 	-0.00 	4.38 	0.00 	-0.00 	0.00 	0.72 	 0.26 	
345 	4.36 	4.37 	-0.00 	4.37 	0.01 	-0.01 	0.00 	0.67 	 0.05 	
346 	4.36 	4.36 	-0.00 	4.36 	0.00 	-0.00 	0.00 	0.68 	 0.22 	
347 	4.37 	4.37 	-0.00 	4.36 	0.02 	0.02 	0.00 	0.81 	 0.02 	
348 	4.37 	4.37 	-0.00 	4.37 	0.00 	0.00 	0.00 	0.75 	 0.21 	
349 	4.37 	4.37 	-0.00 	4.37 	0.00 	0.00 	0.00 	0.33 	 0.35 	
350 	4.37 	4.37 	-0.00 	4.37 	0.00 	0.00 	0.00 	0.49 	 0.06 	
351 	4.35 	4.36 	-0.00 	4.37 	0.01 	-0.01 	0.00 	0.87 	 0.15 	
352 	4.35 	4.35 	-0.00 	4.36 	0.02 	-0.02 	0.00 	0.63 	 0.06 	
353 	4.34 	4.34 	-0.00 	4.34 	0.01 	-0.01 	0.00 	0.84 	 0.27 	
354 	4.33 	4.33 	-0.00 	4.33 	0.00 	-0.00 	0.00 	0.75 	 0.08 	
355 	4.32 	4.32 	-0.00 	4.33 	0.01 	-0.01 	0.00 	0.31 	 0.18 	
356 	4.31 	4.31 	-0.01 	4.32 	0.01 	-0.01 	0.00 	0.65 	 0.28 	
357 	4.31 	4.31 	-0.00 	4.31 	0.01 	0.01 	0.00 	0.17 	 0.33 	
358 	4.31 	4.31 	-0.00 	4.31 	0.00 	-0.00 	0.00 	0.59 	 0.14 	
359 	4.30 	4.30 	-0.01 	4.30 	0.01 	-0.01 	0.00 	0.85 	 0.27 	
360 	4.30 	4.30 	-0.00 	4.29 	0.01 	0.01 	0.00 	0.97 	 0.26 	
361 	4.32 	4.32 	0.00 	4.30 	0.01 	0.01 	0.00 	0.95 	 0.14 	
362 	4.32 	4.32 	0.00 	4.32 	0.00 	0.00 	0.00 	0.09 	 0.67 	
363 	4.30 	4.32 	-0.00 	4.32 	0.02 	-0.02 	0.00 	0.97 	 0.16 	
364 	4.31 	4.31 	-0.00 	4.32 	0.00 	-0.00 	0.00 	0.56 	 0.12 	
365 	4.30 	4.31 	-0.00 	4.31 	0.01 	-0.01 	0.00 	0.80 	 0.09 	
366 	4.31 	4.31 	-0.00 	4.31 	0.01 	0.01 	0.00 	0.70 	 0.35 	
367 	4.32 	4.31 	0.00 	4.31 	0.01 	0.01 	0.00 	0.81 	 0.28 	
368 	4.33 	4.33 	0.00 	4.31 	0.02 	0.02 	0.00 	0.45 	 0.10 	
369 	4.32 	4.33 	0.00 	4.33 	0.01 	-0.01 	0.00 	0.02 	 0.76 	
370 	4.30 	4.33 	0.00 	4.33 	0.03 	-0.03 	0.00 	0.45 	 0.26 	
371 	4.30 	4.32 	-0.00 	4.33 	0.03 	-0.03 	0.00 	0.63 	 0.11 	
372 	4.30 	4.31 	-0.00 	4.32 	0.01 	-0.01 	0.00 	0.78 	 0.23 	
373 	4.31 	4.31 	-0.00 	4.31 	0.01 	0.01 	0.00 	0.44 	 0.17 	
374 	4.31 	4.31 	-0.00 	4.31 	0.00 	-0.00 	0.00 	0.54 	 0.26 	
375 	4.31 	4.31 	-0.00 	4.31 	0.01 	-0.01 	0.00 	0.22 	 0.06 	
376 	4.28 	4.30 	-0.00 	4.31 	0.03 	-0.03 	0.00 	0.67 	 0.41 	
377 	4.30 	4.30 	-0.00 	4.30 	0.00 	-0.00 	0.00 	0.63 	 0.09 	
378 	4.30 	4.30 	-0.00 	4.30 	0.01 	0.01 	0.00 	0.74 	 0.12 	
379 	4.31 	4.30 	-0.00 	4.30 	0.01 	0.01 	0.00 	0.46 	 0.43 	
380 	4.30 	4.30 	-0.00 	4.30 	0.00 	0.00 	0.00 	0.98 	 0.10 	
381 	4.31 	4.31 	-0.00 	4.30 	0.01 	0.01 	0.00 	0.79 	 0.27 	
382 	4.33 	4.32 	0.00 	4.31 	0.02 	0.02 	0.00 	0.74 	 0.02 	
383 	4.34 	4.34 	0.00 	4.33 	0.01 	0.01 	0.00 	0.84 	 0.17 	
384 	4.33 	4.33 	0.00 	4.34 	0.01 	-0.01 	0.00 	0.51 	 0.19 	
385 	4.32 	4.33 	0.00 	4.33 	0.02 	-0.02 	0.00 	0.46 	 0.24 	
386 	4.31 	4.32 	-0.00 	4.33 	0.02 	-0.02 	0.00 	0.65 	 0.17 	
387 	4.31 	4.31 	-0.00 	4.32 	0.01 	-0.01 	0.00 	0.09 	 0.06 	
388 	4.28 	4.31 	-0.00 	4.31 	0.03 	-0.03 	0.00 	0.36 	 0.11 	
389 	4.27 	4.29 	-0.00 	4.31 	0.04 	-0.04 	0.00 	0.59 	 0.50 	
390 	4.28 	4.28 	-0.01 	4.29 	0.01 	-0.01 	0.00 	0.70 	 0.19 	
391 	4.28 	4.28 	-0.01 	4.27 	0.00 	0.00 	0.00 	0.55 	 0.01 	
392 	4.27 	4.27 	-0.01 	4.27 	0.01 	-0.01 	0.00 	0.17 	 0.11 	
393 	4.26 	4.26 	-0.01 	4.26 	0.00 	-0.00 	0.00 	0.99 	 0.02 	
394 	4.25 	4.25 	-0.01 	4.26 	0.01 	-0.01 	0.00 	0.63 	 0.91 	
395 	4.24 	4.24 	-0.01 	4.24 	0.00 	-0.00 	0.00 	0.79 	 0.35 	
396 	4.23 	4.23 	-0.01 	4.23 	0.01 	-0.01 	0.00 	0.73 	 0.82 	
397 	4.21 	4.21 	-0.01 	4.22 	0.01 	-0.01 	0.00 	0.91 	 0.71 	
398 	4.23 	4.23 	0.01 	4.20 	0.03 	0.03 	0.00 	0.02 	 0.67 	
399 	4.23 	4.23 	0.01 	4.23 	0.00 	0.00 	0.00 	0.65 	 0.64 	
400 	4.25 	4.25 	0.01 	4.24 	0.01 	0.01 	0.00 	0.93 	 0.58 	
401 	4.23 	4.23 	-0.00 	4.26 	0.03 	-0.03 	0.00 	0.06 	 0.91 	
402 	4.24 	4.23 	-0.00 	4.23 	0.01 	0.01 	0.00 	0.51 	 0.92 	
403 	4.23 	4.23 	-0.00 	4.23 	0.00 	-0.00 	0.00 	0.46 	 0.74 	
404 	4.23 	4.23 	0.00 	4.22 	0.01 	0.01 	0.00 	0.63 	 0.86 	
405 	4.25 	4.24 	0.01 	4.23 	0.02 	0.02 	0.00 	0.12 	 0.11 	
406 	4.25 	4.25 	0.01 	4.25 	0.00 	-0.00 	0.00 	0.12 	 0.40 	
407 	4.25 	4.26 	0.01 	4.26 	0.01 	-0.01 	0.00 	0.79 	 0.34 	
408 	4.24 	4.25 	0.00 	4.27 	0.03 	-0.03 	0.00 	0.53 	 0.20 	
409 	4.24 	4.25 	0.00 	4.25 	0.00 	-0.00 	0.00 	0.60 	 0.98 	
410 	4.23 	4.24 	-0.01 	4.25 	0.02 	-0.02 	0.00 	0.67 	 0.96 	
411 	4.26 	4.25 	0.01 	4.23 	0.03 	0.03 	0.00 	0.72 	 0.29 	
412 	4.27 	4.26 	0.01 	4.26 	0.01 	0.01 	0.00 	0.55 	 0.31 	
413 	4.27 	4.27 	0.01 	4.28 	0.01 	-0.01 	0.00 	0.73 	 0.91 	
414 	4.24 	4.25 	-0.01 	4.28 	0.04 	-0.04 	0.00 	0.50 	 0.73 	
415 	4.22 	4.23 	-0.02 	4.24 	0.02 	-0.02 	0.00 	0.20 	 0.83 	
416 	4.23 	4.21 	-0.02 	4.21 	0.02 	0.02 	0.00 	0.77 	 0.42 	
417 	4.22 	4.21 	-0.01 	4.19 	0.03 	0.03 	0.00 	0.18 	 0.99 	
418 	4.23 	4.21 	-0.01 	4.20 	0.02 	0.02 	0.00 	0.74 	 0.58 	
419 	4.20 	4.20 	-0.01 	4.20 	0.00 	0.00 	0.00 	0.93 	 0.12 	
420 	4.21 	4.21 	-0.00 	4.20 	0.01 	0.01 	0.00 	0.79 	 0.74 	
421 	4.23 	4.22 	0.01 	4.20 	0.03 	0.03 	0.00 	0.97 	 0.93 	
422 	4.21 	4.21 	-0.02 	4.24 	0.03 	-0.03 	0.00 	0.91 	 0.71 	
423 	4.23 	4.23 	0.01 	4.19 	0.04 	0.04 	0.00 	0.53 	 0.53 	
424 	4.23 	4.23 	0.01 	4.24 	0.01 	-0.01 	0.00 	0.98 	 0.87 	
425 	4.21 	4.21 	-0.02 	4.24 	0.03 	-0.03 	0.00 	0.95 	 0.48 	
426 	4.23 	4.22 	-0.00 	4.19 	0.03 	0.03 	0.00 	0.91 	 0.66 	
427 	4.22 	4.22 	-0.01 	4.22 	0.01 	-0.01 	0.00 	0.82 	 0.75 	
428 	4.20 	4.20 	-0.01 	4.21 	0.01 	-0.01 	0.00 	0.98 	 0.63 	
429 	4.17 	4.17 	-0.02 	4.19 	0.01 	-0.01 	0.00 	0.43 	 0.12 	
430 	4.19 	4.17 	-0.02 	4.15 	0.04 	0.04 	0.00 	0.92 	 0.81 	
431 	4.22 	4.21 	0.03 	4.14 	0.07 	0.07 	0.01 	0.89 	 0.72 	
432 	4.19 	4.20 	0.00 	4.25 	0.05 	-0.05 	0.00 	0.70 	 0.21 	
433 	4.20 	4.20 	0.00 	4.20 	0.00 	-0.00 	0.00 	0.90 	 0.08 	
434 	4.20 	4.20 	0.00 	4.20 	0.00 	0.00 	0.00 	0.89 	 0.97 	
435 	4.17 	4.18 	-0.02 	4.20 	0.03 	-0.03 	0.00 	0.75 	 0.04 	
436 	4.17 	4.17 	-0.02 	4.16 	0.02 	0.02 	0.00 	0.82 	 0.00 	
437 	4.18 	4.18 	-0.02 	4.15 	0.04 	0.04 	0.00 	0.99 	 0.12 	
438 	4.18 	4.18 	-0.02 	4.16 	0.02 	0.02 	0.00 	0.76 	 0.44 	
439 	4.17 	4.17 	-0.01 	4.16 	0.01 	0.01 	0.00 	0.59 	 0.16 	
440 	4.18 	4.17 	-0.01 	4.16 	0.02 	0.02 	0.00 	0.58 	 0.10 	
441 	4.19 	4.18 	-0.01 	4.16 	0.03 	0.03 	0.00 	0.72 	 0.58 	
442 	4.18 	4.18 	-0.00 	4.17 	0.01 	0.01 	0.00 	0.77 	 0.24 	
443 	4.19 	4.19 	-0.00 	4.18 	0.01 	0.01 	0.00 	0.61 	 0.52 	
444 	4.19 	4.19 	0.00 	4.18 	0.01 	0.01 	0.00 	0.22 	 0.06 	
445 	4.21 	4.19 	0.00 	4.19 	0.02 	0.02 	0.00 	0.85 	 0.54 	
446 	4.20 	4.20 	0.00 	4.20 	0.00 	0.00 	0.00 	0.56 	 0.67 	
447 	4.19 	4.19 	-0.00 	4.20 	0.01 	-0.01 	0.00 	0.67 	 0.22 	
448 	4.19 	4.19 	-0.00 	4.19 	0.00 	0.00 	0.00 	0.93 	 0.43 	
449 	4.19 	4.19 	-0.00 	4.19 	0.00 	0.00 	0.00 	0.83 	 0.47 	
450 	4.20 	4.20 	0.00 	4.19 	0.00 	0.00 	0.00 	0.96 	 0.93 	
451 	4.23 	4.23 	0.03 	4.20 	0.04 	0.04 	0.00 	1.00 	 0.65 	
452 	4.21 	4.21 	-0.00 	4.27 	0.06 	-0.06 	0.00 	0.68 	 0.04 	
453 	4.22 	4.21 	-0.00 	4.21 	0.01 	0.01 	0.00 	0.93 	 0.37 	
454 	4.25 	4.24 	0.01 	4.21 	0.04 	0.04 	0.00 	0.68 	 0.12 	
455 	4.25 	4.25 	0.01 	4.25 	0.00 	0.00 	0.00 	0.92 	 0.99 	
456 	4.22 	4.23 	-0.03 	4.26 	0.04 	-0.04 	0.00 	0.40 	 0.83 	
457 	4.22 	4.21 	-0.02 	4.20 	0.03 	0.03 	0.00 	0.88 	 0.48 	
458 	4.20 	4.20 	-0.01 	4.19 	0.01 	0.01 	0.00 	0.82 	 0.86 	
459 	4.24 	4.23 	0.02 	4.19 	0.05 	0.05 	0.00 	0.72 	 0.62 	
460 	4.23 	4.24 	0.01 	4.26 	0.03 	-0.03 	0.00 	0.49 	 0.90 	
461 	4.24 	4.25 	0.01 	4.25 	0.01 	-0.01 	0.00 	0.76 	 0.94 	
462 	4.23 	4.24 	-0.01 	4.26 	0.02 	-0.02 	0.00 	0.76 	 0.65 	
463 	4.25 	4.24 	0.00 	4.23 	0.02 	0.02 	0.00 	0.81 	 0.56 	
464 	4.23 	4.24 	-0.00 	4.24 	0.01 	-0.01 	0.00 	0.50 	 0.95 	
465 	4.23 	4.23 	-0.00 	4.23 	0.00 	-0.00 	0.00 	0.47 	 0.63 	
466 	4.24 	4.23 	-0.00 	4.23 	0.01 	0.01 	0.00 	0.47 	 0.93 	
467 	4.23 	4.23 	-0.00 	4.23 	0.00 	0.00 	0.00 	0.16 	 0.83 	
468 	4.24 	4.23 	0.00 	4.23 	0.00 	0.00 	0.00 	0.32 	 0.02 	
469 	4.24 	4.24 	0.00 	4.23 	0.01 	0.01 	0.00 	0.73 	 0.82 	
470 	4.23 	4.23 	-0.00 	4.24 	0.00 	-0.00 	0.00 	0.62 	 0.83 	
471 	4.22 	4.23 	-0.01 	4.23 	0.01 	-0.01 	0.00 	0.78 	 0.74 	
472 	4.20 	4.21 	-0.02 	4.22 	0.02 	-0.02 	0.00 	0.78 	 0.64 	
473 	4.20 	4.20 	-0.01 	4.19 	0.01 	0.01 	0.00 	0.65 	 0.60 	
474 	4.20 	4.20 	-0.01 	4.19 	0.01 	0.01 	0.00 	0.35 	 0.31 	
475 	4.21 	4.20 	-0.00 	4.19 	0.02 	0.02 	0.00 	0.60 	 0.20 	
476 	4.21 	4.21 	-0.00 	4.19 	0.02 	0.02 	0.00 	0.83 	 0.91 	
477 	4.27 	4.26 	0.05 	4.20 	0.06 	0.06 	0.00 	0.25 	 0.22 	
478 	4.26 	4.29 	0.04 	4.30 	0.04 	-0.04 	0.00 	0.22 	 0.44 	
479 	4.26 	4.32 	0.04 	4.34 	0.08 	-0.08 	0.01 	0.79 	 0.35 	
480 	4.25 	4.27 	0.01 	4.36 	0.11 	-0.11 	0.01 	0.13 	 0.88 	
481 	4.25 	4.28 	0.00 	4.28 	0.03 	-0.03 	0.00 	0.36 	 0.53 	
482 	4.25 	4.27 	-0.00 	4.28 	0.02 	-0.02 	0.00 	0.17 	 0.85 	
483 	4.25 	4.27 	-0.00 	4.27 	0.01 	-0.01 	0.00 	0.12 	 0.12 	
484 	4.25 	4.26 	-0.00 	4.26 	0.01 	-0.01 	0.00 	0.68 	 0.26 	
485 	4.26 	4.26 	-0.00 	4.26 	0.00 	0.00 	0.00 	0.55 	 0.96 	
486 	4.24 	4.25 	-0.01 	4.25 	0.01 	-0.01 	0.00 	0.20 	 0.23 	
487 	4.24 	4.24 	-0.01 	4.24 	0.01 	0.01 	0.00 	0.47 	 0.48 	
488 	4.25 	4.24 	-0.00 	4.23 	0.02 	0.02 	0.00 	0.57 	 0.91 	
489 	4.26 	4.25 	0.01 	4.24 	0.03 	0.03 	0.00 	0.30 	 0.30 	
490 	4.27 	4.26 	0.01 	4.26 	0.00 	0.00 	0.00 	0.53 	 0.53 	
491 	4.28 	4.28 	0.01 	4.27 	0.00 	0.00 	0.00 	0.85 	 0.27 	
492 	4.29 	4.29 	0.01 	4.29 	0.00 	-0.00 	0.00 	0.90 	 0.05 	
493 	4.29 	4.29 	0.01 	4.30 	0.01 	-0.01 	0.00 	0.62 	 0.38 	
494 	4.29 	4.29 	0.01 	4.30 	0.01 	-0.01 	0.00 	0.07 	 0.04 	
495 	4.27 	4.30 	0.01 	4.30 	0.03 	-0.03 	0.00 	0.67 	 0.06 	
496 	4.27 	4.28 	0.01 	4.31 	0.04 	-0.04 	0.00 	0.84 	 0.03 	
497 	4.27 	4.27 	0.01 	4.29 	0.02 	-0.02 	0.00 	0.79 	 0.13 	
498 	4.28 	4.28 	0.01 	4.28 	0.00 	-0.00 	0.00 	0.59 	 0.02 	
499 	4.27 	4.28 	0.01 	4.29 	0.01 	-0.01 	0.00 	0.66 	 0.39 	
500 	4.29 	4.29 	0.01 	4.28 	0.00 	0.00 	0.00 	0.97 	 0.34 	
501 	4.26 	4.26 	-0.00 	4.29 	0.03 	-0.03 	0.00 	0.57 	 0.09 	
502 	4.26 	4.26 	-0.00 	4.26 	0.00 	0.00 	0.00 	0.08 	 0.71 	
503 	4.25 	4.26 	-0.00 	4.26 	0.00 	-0.00 	0.00 	0.32 	 0.12 	
504 	4.25 	4.25 	-0.00 	4.25 	0.00 	0.00 	0.00 	0.37 	 0.25 	
505 	4.25 	4.25 	-0.00 	4.25 	0.01 	0.01 	0.00 	0.00 	 0.16 	
506 	4.25 	4.25 	-0.00 	4.25 	0.00 	-0.00 	0.00 	0.56 	 0.33 	
507 	4.25 	4.25 	-0.00 	4.25 	0.01 	0.01 	0.00 	0.64 	 0.92 	
508 	4.24 	4.24 	-0.01 	4.25 	0.01 	-0.01 	0.00 	0.67 	 0.63 	
509 	4.23 	4.23 	-0.01 	4.24 	0.00 	-0.00 	0.00 	0.53 	 0.94 	
510 	4.25 	4.24 	0.00 	4.23 	0.02 	0.02 	0.00 	0.47 	 0.32 	
511 	4.25 	4.24 	0.00 	4.24 	0.01 	0.01 	0.00 	0.05 	 0.08 	
512 	4.24 	4.25 	0.00 	4.25 	0.00 	-0.00 	0.00 	0.30 	 0.10 	
513 	4.25 	4.25 	0.00 	4.25 	0.01 	-0.01 	0.00 	0.53 	 0.75 	
514 	4.26 	4.25 	0.01 	4.25 	0.01 	0.01 	0.00 	0.89 	 0.49 	
515 	4.28 	4.28 	0.02 	4.26 	0.02 	0.02 	0.00 	0.54 	 0.02 	
516 	4.28 	4.29 	0.01 	4.30 	0.02 	-0.02 	0.00 	0.73 	 0.00 	
517 	4.28 	4.29 	0.01 	4.30 	0.02 	-0.02 	0.00 	0.85 	 0.17 	
518 	4.29 	4.29 	0.01 	4.30 	0.01 	-0.01 	0.00 	0.16 	 0.02 	
519 	4.28 	4.30 	0.01 	4.31 	0.03 	-0.03 	0.00 	0.68 	 0.02 	
520 	4.28 	4.29 	0.01 	4.32 	0.04 	-0.04 	0.00 	0.50 	 0.24 	
521 	4.27 	4.29 	0.01 	4.30 	0.03 	-0.03 	0.00 	0.46 	 0.12 	
522 	4.27 	4.28 	0.01 	4.30 	0.03 	-0.03 	0.00 	0.89 	 0.26 	
523 	4.28 	4.28 	0.00 	4.29 	0.02 	-0.02 	0.00 	0.76 	 0.27 	
524 	4.29 	4.29 	0.01 	4.28 	0.01 	0.01 	0.00 	0.70 	 0.52 	
525 	4.32 	4.32 	0.02 	4.29 	0.03 	0.03 	0.00 	0.34 	 0.00 	
526 	4.32 	4.33 	0.02 	4.33 	0.02 	-0.02 	0.00 	0.49 	 0.24 	
527 	4.31 	4.33 	0.01 	4.34 	0.03 	-0.03 	0.00 	0.80 	 0.04 	
528 	4.31 	4.32 	0.01 	4.34 	0.03 	-0.03 	0.00 	0.67 	 0.42 	
529 	4.32 	4.32 	0.01 	4.33 	0.01 	-0.01 	0.00 	0.16 	 0.17 	
530 	4.30 	4.32 	0.01 	4.33 	0.03 	-0.03 	0.00 	0.72 	 0.13 	
531 	4.30 	4.31 	0.01 	4.33 	0.03 	-0.03 	0.00 	0.38 	 0.49 	
532 	4.31 	4.31 	0.00 	4.32 	0.00 	-0.00 	0.00 	0.24 	 0.01 	
533 	4.30 	4.31 	0.00 	4.32 	0.02 	-0.02 	0.00 	0.59 	 0.12 	
534 	4.29 	4.30 	0.00 	4.32 	0.02 	-0.02 	0.00 	0.77 	 0.21 	
535 	4.27 	4.28 	-0.00 	4.31 	0.04 	-0.04 	0.00 	0.57 	 0.07 	
536 	4.27 	4.27 	-0.00 	4.27 	0.01 	-0.01 	0.00 	0.72 	 0.72 	
537 	4.25 	4.25 	-0.01 	4.27 	0.02 	-0.02 	0.00 	0.73 	 0.65 	
538 	4.23 	4.24 	-0.02 	4.24 	0.01 	-0.01 	0.00 	0.06 	 0.40 	
539 	4.24 	4.22 	-0.02 	4.22 	0.02 	0.02 	0.00 	0.48 	 0.93 	
540 	4.23 	4.22 	-0.00 	4.20 	0.03 	0.03 	0.00 	0.04 	 0.27 	
541 	4.24 	4.22 	-0.00 	4.22 	0.02 	0.02 	0.00 	0.02 	 0.21 	
542 	4.24 	4.22 	-0.00 	4.22 	0.02 	0.02 	0.00 	0.66 	 0.86 	
543 	4.23 	4.22 	0.01 	4.21 	0.02 	0.02 	0.00 	0.96 	 0.46 	
544 	4.25 	4.24 	0.01 	4.23 	0.01 	0.01 	0.00 	0.11 	 0.11 	
545 	4.24 	4.26 	0.01 	4.26 	0.02 	-0.02 	0.00 	0.54 	 0.90 	
546 	4.25 	4.26 	0.01 	4.27 	0.01 	-0.01 	0.00 	0.70 	 0.24 	
547 	4.25 	4.25 	0.00 	4.27 	0.02 	-0.02 	0.00 	0.27 	 0.67 	
548 	4.25 	4.25 	0.00 	4.26 	0.00 	-0.00 	0.00 	0.78 	 0.62 	
549 	4.24 	4.24 	-0.01 	4.26 	0.02 	-0.02 	0.00 	0.59 	 0.95 	
550 	4.23 	4.23 	-0.01 	4.24 	0.00 	-0.00 	0.00 	0.34 	 0.76 	
551 	4.23 	4.23 	-0.01 	4.23 	0.01 	0.01 	0.00 	0.48 	 0.60 	
552 	4.24 	4.23 	0.00 	4.22 	0.02 	0.02 	0.00 	0.51 	 0.93 	
553 	4.24 	4.24 	0.00 	4.23 	0.00 	0.00 	0.00 	0.30 	 0.69 	
554 	4.24 	4.24 	0.00 	4.24 	0.00 	0.00 	0.00 	0.63 	 0.39 	
555 	4.24 	4.24 	0.00 	4.24 	0.01 	-0.01 	0.00 	0.88 	 0.51 	
556 	4.23 	4.23 	-0.00 	4.24 	0.01 	-0.01 	0.00 	0.64 	 0.56 	
557 	4.23 	4.23 	-0.00 	4.23 	0.00 	-0.00 	0.00 	0.60 	 0.32 	
558 	4.24 	4.23 	-0.00 	4.22 	0.01 	0.01 	0.00 	0.60 	 0.69 	
559 	4.25 	4.24 	0.01 	4.23 	0.02 	0.02 	0.00 	0.40 	 0.02 	
560 	4.24 	4.25 	0.01 	4.25 	0.00 	-0.00 	0.00 	0.73 	 0.42 	
561 	 	  	  	 4.19 	 	  	  	 
---------------------------------------------------------------
ME Error: -0.01
MSE Error: 0.00
RMSE Error: 0.03
